0 56 1 164 2 304 3 468 4 1244 5 1332 6 1340 7 1396 8 1424 9 1440
10 1492 11 1588 12 1744 13 2072 14 2228 15 2292 16 2428 17 2656 18 2740 19 3168
20 3304 21 3468 22 3600 23 3732 24 3964 25 4204 26 4380 27 4516 28 6296 29 6312
30 6692 31 6780 32 7044 33 7168 34 7200 35 7332 36 7984 37 8120 38 8364 39 9052
40 9192 41 9208 42 9560 43 9636 44 9716 45 9732 46 9824 47 9840 48 10192 49 10688
50 10724 51 10740 52 10884 53 11064 54 11392 55 11508 56 11588 57 11672 58 11808 59 11980
60 17812 61 18344 62 18520 63 18592 64 19196 65 19212 66 19576 67 19868 68 19944 69 19988
70 20004 71 20080 72 20408 73 20440 74 20472 75 20504 76 20520 77 20676 78 20804 79 20820
80 21044 81 21156 82 21352 83 21368 84 21384 85 21632 86 21892 87 22232 88 22984 89 23124
90 23728 91 23928 92 24708 93 25040 94 25124 95 25140 96 25264 97 25300 98 26064 99 26316
100 26908 101 27372 102 27540 103 27940 104 27968 105 28004 106 28020 107 28208 108 28884 109 29720
110 29856 111 30608 112 31668 113 32344 114 32536 115 32948 116 33212 117 33440 118 33604 119 33648
120 33832 121 34076 122 34396 123 34412 124 34476 125 34796 126 34812 127 35072 128 35140 129 35220
130 35444 131 35492 132 35572 133 35976 134 36424 135 36764 136 37300 137 37648 138 38004 139 38332
140 38408 141 38484 142 39272 143 39564 144 39684 145 39832 146 39848 147 40652 148 41332 149 41480
150 41644 151 41700 152 42068 153 42612 154 42644 155 42704 156 42720 157 42808 158 42928 159 43284
160 43316 161 43544 162 43648 163 43972 164 47748 165 47824 166 48484 167 48684 168 48796 169 48824
170 48884 171 49028 172 49060 173 51540 174 51772 175 51852 176 52072 177 52156 178 52172 179 52424
180 52608 181 52800 182 52936 183 53024 184 53376 185 53392 186 53592 187 53664 188 53852 189 54480
190 54576 191 55120 192 55336 193 55892 194 56356 195 56432 196 56660 197 56792 198 57168 199 57356
200 57412 201 57928 202 58044 203 58372 204 58452 205 58916 206 59060 207 59076 208 59104 209 59392
210 59508 211 59684 212 59800 213 59924 214 60048 215 60288 216 60304 217 60388 218 60416 219 60664
220 60792 221 60916 222 60976 223 61036 224 61172 225 61268 226 61284 227 61312 228 61352 229 61368
230 61428 231 61520 232 61660 233 62268 234 62400 235 62536 236 63076 237 63640 238 63796 239 63932
240 64264 241 64756 242 64844 243 65024 244 65152 245 65168 246 65384 247 65932 248 66552 249 66908
250 66924 251 67224 252 67504 253 67628 254 67732 255 67944 256 68048 257 68160 258 68176 259 69948
260 69964 261 70524 262 70552 263 70696 264 71096 265 71176 266 71764 267 73248 268 74320 269 74736
270 75044 271 75060 272 75092 273 75108 274 75360 275 78340 276 80664 277 80780 278 81148 279 81308
280 81604 281 81684 282 81812 283 81892 284 81972 285 82060 286 82148 287 82236 288 82324 289 82412
290 82500 291 82692 292 82948 293 83060 294 83136 295 83520 296 83832 297 83944 298 84096 299 84172
300 84188 301 84444 302 84828 303 85144 304 85160 305 85412 306 85688 307 85704 308 85984 309 86312
310 86328 311 86580 312 86908 313 87020 314 87036 315 87484 316 87604 317 87804 318 87820 319 87876
320 87892 321 87908 322 88172 323 88280 324 88312 325 89160 326 89336 327 89432 328 89732 329 89888
330 89968 331 91004 332 91104 333 91168 334 91416 335 91508 336 91564 337 91968 338 92176 339 92220
340 92328 341 93396 342 93412 343 94412 344 94556 345 96016 346 96588 347 97016 348 97180 349 97416
350 98900 351 98916 352 98988 353 99572 354 100248 355 100316 356 101380 357 101496 358 102652 359 104940
360 106568 361 106716 362 107352 363 107604 364 107720 365 108080 366 109952 367 110488 368 110640 369 111356
370 111428 371 111528 372 111680 373 111788 374 111916 375 112168 376 112212 377 125172 378 125228 379 125312
380 125320 381 125364 382 125392 383 125488 384 125504 385 125640 386 126256 387 126272 388 126300 389 126404
390 126892 391 127112 392 127256 393 127436 394 128480 395 128668 396 129052 397 129172 398 129500 399 129652
400 129924 401 130020 402 130480 403 130496 404 130600 405 130616 406 130740 407 130796 408 130828 409 130892
410 131004 411 131072 412 131128 413 131216 414 131436 415 131512 416 131592 417 131860 418 132224 419 132276
420 132580 421 132692 422 133044 423 133720 424 133800 425 134452 426 134788 427 134804 428 134884 429 135228
430 135244 431 135296 432 135312 433 135388 434 135428 435 135484 436 135588 437 135836 438 135996 439 136120
440 136328 441 136568 442 136592 443 136676 444 137108 445 137376 446 137772 447 137928 448 138024 449 138140
450 138224 451 138304 452 138320 453 138408 454 138632 455 138716 456 138760 457 139052 458 139212 459 139336
460 139544 461 139708 462 139776 463 139988 464 140116 465 140256 466 140272 467 140400 468 140460 469 140588
470 140648 471 140744 472 140824 473 140896 474 141020 475 141100 476 141120 477 141292 478 141488 479 141560
480 141808 481 141824 482 141988 483 142092 484 142136 485 142340 486 142508 487 142564 488 142864 489 143028
490 143432 491 143716 492 144252 493 144336 494 144352 495 144392 496 144680 497 145708 498 146024 499 146196
500 146568 501 146992 502 147008 503 147404 504 147484 505 147544 506 147828 507 147928 508 148272 509 148520
510 148604 511 148864 512 148960 513 149048 514 149116 515 149232 516 149248 517 149440 518 149544 519 149624
520 152272 521 152360 522 152404 523 153000 524 153216 525 154188 526 154212 527 154340 528 154396 529 154688
530 154752 531 155556 532 155704 533 155904 534 155932 535 156052 536 156352 537 156476 538 156536 539 156700
540 156888 541 157012 542 157084 543 157208 544 157456 545 157548 546 157568 547 157636 548 157768 549 157836
550 158092 551 158348 552 158612 553 159376 554 159568 555 160208 556 160524 557 160620 558 160684 559 160752
560 160820 561 160892 562 161072 563 161128 564 161252 565 161308 566 161440 567 162600 568 163496 569 163604
570 164272 571 164416 572 164432 573 164500 574 164704 575 165252 576 165364 577 165440 578 165448 579 165508
580 165580 581 165588 582 165608 583 165748 584 165824 585 166000 586 166068 587 166124 588 166312 589 166416
590 166544 591 166860 592 167572 593 167660 594 167728 595 167744 596 167884 597 168124 598 168572 599 168700
600 168716 601 168876 602 169124 603 169364 604 169380 605 169396 606 169412 607 169420 608 169488 609 169604
610 169692 611 170036 612 171044 613 171156 614 171252 615 171428 616 171616 617 171692 618 171748 619 171792
620 171840 621 171916 622 172024 623 172096 624 172196 625 172288 626 172356 627 172396 628 172504 629 172704
630 172988 631 173044 632 173132 633 173936 634 173952 635 174044 636 174136 637 174416 638 174508 639 174600
640 175096 641 175552 642 175672 643 176024 644 176172 645 176188 646 177844 647 177860 648 179856 649 180228
650 181896 651 182008 652 182056 653 182140 654 182464 655 182520 656 182916 657 182972 658 183004 659 183492
660 183552 661 183576 662 183636 663 183644 664 183652 665 183784 666 184240 667 184928 668 184972 669 185108
670 185176 671 185236 672 185344 673 185772 674 185876 675 185984 676 186304 677 186616 678 186884 679 187236
680 187516 681 187816 682 188088 683 188152 684 188380 685 188540 686 188612 687 188900 688 189004 689 189108
690 189184 691 189288 692 189304 693 190052 694 190128 695 192088 696 192200 697 192312 698 192368 699 192480
700 192536 701 192648 702 192704 703 192828 704 192952 705 193008 706 193024 707 193332 708 193388 709 193464
710 193480 711 193572 712 193740 713 193768 714 193784 715 193948 716 195400 717 195408 718 195540 719 195988
720 196288 721 196304 722 196320 723 196404 724 196420 725 196488 726 196504 727 196536 728 196720 729 196848
730 197712 731 197788 732 198076 733 198092 734 198316 735 198336 736 198676 737 198752 738 199300 739 199660
740 199676 741 199828 742 200484 743 200500 744 200624 745 201076 746 201172 747 201188 748 201268 749 201336
750 201404 751 201436 752 201504 753 201888 754 201964 755 202036 756 202216 757 202232 758 202260 759 202664
760 202752 761 202840 762 202868 763 203824 764 203840 765 203856 766 203988 767 204244 768 209760 769 209776
770 209792 771 209820 772 209848 773 210780 774 210796 775 210912 776 211164 777 211264 778 211612 779 212056
780 213124 781 213308 782 213388 783 213468 784 213632 785 213712 786 213752 787 213820 788 214016 789 214384
790 214508 791 214536 792 214912 793 215168 794 215384 795 215452 796 215480 797 215744 798 215844 799 216168
800 216284 801 216348 802 216424 803 216516 804 216544 805 216616 806 216716 807 216732 808 216924 809 216940
810 217144 811 217372 812 217388 813 217524 814 217640 815 217712 816 217772 817 217836 818 217900 819 218160
820 218176 821 220904 822 220996 823 221136 824 221276 825 221344 826 221484 827 221508 828 221580 829 221656
830 222632 831 222648 832 222716 833 222856 834 223024 835 223164 836 223304 837 223328 838 223472 839 223736
840 223876 841 224016 842 224156 843 224268 844 224284 845 224356 846 224592 847 224776 848 225048 849 225172
850 226168 851 226184 852 226212 853 226228 854 226256 855 226320 856 226336 857 226424 858 226500 859 226632
860 226716 861 226848 862 226932 863 226960 864 227060 865 227304 866 227412 867 227488 868 227560 869 227588
870 227620 871 227684 872 227752 873 227868 874 227888 875 227916 876 228192 877 228208 878 228272 879 228288
880 228376 881 228452 882 228584 883 228668 884 228800 885 228884 886 229164 887 229416 888 230012 889 231620
890 231716 891 231784 892 231892 893 232036 894 232100 895 232204 896 232396 897 232460 898 232524 899 233288
900 233388 901 234156 902 234280 903 235052 904 235128 905 235236 906 235316 907 235332 908 235420 909 235496
910 235628 911 235712 912 235848 913 236080 914 236112 915 236216 916 236300 917 236376 918 236472 919 236548
920 236624 921 236692 922 236704 923 236796 924 236960 925 237324 926 237748 927 237888 928 238028 929 238140
930 238256 931 238396 932 238460 933 238592 934 238652 935 238896 936 238912 937 239408 938 239424 939 239452
940 239624 941 239684 942 239812 943 239872 944 239932 945 239992 946 240116 947 240240 948 240364 949 240488
950 240612 951 240620 952 242216 953 242232 954 242248 955 242264 956 242344 957 242360 958 242448 959 242504
960 242716 961 243164 962 243188 963 243204 964 243236 965 243276 966 243716 967 243776 968 243836 969 243860
970 243944 971 244208 972 244284 973 244388 974 244596 975 244680 976 244768 977 244856 978 244964 979 245072
980 245100 981 245232 982 245356 983 245424 984 245560 985 245588 986 245688 987 245940 988 246008 989 246072
990 246140 991 246280 992 246588 993 246604 994 246648 995 246708 996 247056 997 247168 998 247200 999 247248
1000 247480 1001 247504 1002 247936 1003 247996 1004 248056 1005 248120 1006 248364 1007 248492 1008 248532 1009 248748
1010 249376 1011 249392 1012 249508 1013 249592 1014 249652 1015 250020 1016 250144 1017 250216 1018 250232 1019 250440
1020 250448 1021 250504 1022 250608 1023 250632 1024 250756 1025 250764 1026 250808 1027 251000 1028 251016 1029 251260
1030 251412 1031 251476 1032 251536 1033 251608 1034 251704 1035 251812 1036 251936 1037 251952 1038 252180 1039 252404
1040 252480 1041 252552 1042 252680 1043 252696 1044 252812 1045 253016 1046 253060 1047 253092 1048 253136 1049 253244
1050 253320 1051 253388 1052 253416 1053 253476 1054 253944 1055 254184 1056 254200 1057 254256 1058 254612 1059 254672
1060 254928 1061 255072 1062 255128 1063 255448 1064 255508 1065 255628 1066 255684 1067 255736 1068 255784 1069 255800
1070 255892 1071 255908 1072 255992 1073 256112 1074 256240 1075 256420 1076 256520 1077 256620 1078 256720 1079 256820
1080 256920 1081 257020 1082 257064 1083 257108 1084 257220 1085 257288 1086 257424 1087 258652 1088 258712 1089 258996
1090 259040 1091 259100 1092 259200 1093 259272 1094 259288 1095 259344 1096 259436 1097 259484 1098 259516 1099 259532
1100 259564 1101 259612 1102 259792 1103 259900 1104 260076 1105 260092 1106 260164 1107 260552 1108 260560 1109 260568
1110 260616 1111 260664 1112 260736 1113 260752 1114 260868 1115 261048 1116 261172 1117 261236 1118 261876 1119 261892
1120 261948 1121 262036 1122 262092 1123 262200 1124 262244 1125 262548 1126 262740 1127 262772 1128 263044 1129 263264
1130 264252 1131 265328 1132 266440 1133 266636 1134 266752 1135 266788 1136 266804 1137 266888 1138 266988 1139 267088
1140 267152 1141 267208 1142 267268 1143 267312 1144 267428 1145 267496 1146 267624 1147 267692 1148 267808 1149 267920
1150 268080 1151 268148 1152 268400 1153 268468 1154 268556 1155 268612 1156 268700 1157 268756 1158 268764 1159 268816
1160 269304 1161 269688 1162 269840 1163 270416 1164 270424 1165 270480 1166 270584 1167 270832 1168 271280 1169 273196
1170 273340 1171 273400 1172 273804 1173 273936 1174 274036 1175 274172 1176 274260 1177 274316 1178 274404 1179 274460
1180 274564 1181 274620 1182 274924 1183 275092 1184 275780 1185 275860 1186 275932 1187 275948 1188 276092 1189 276208
1190 276284 1191 276380 1192 276536 1193 277352 1194 277464 1195 277736 1196 278760 1197 278788 1198 278820 1199 278852
1200 279364 1201 279512 1202 279600 1203 280096 1204 280208 1205 280312 1206 280404 1207 280832 1208 280936 1209 281044
1210 281124 1211 281452 1212 281556 1213 282140 1214 282236 1215 282276 1216 282376 1217 282464 1218 282548 1219 282576
1220 282664 1221 282752 1222 282844 1223 283048 1224 283132 1225 283244 1226 283380 1227 283504 1228 283628 1229 283692
1230 283708 1231 283732 1232 283764 1233 283832 1234 283892 1235 283920 1236 284048 1237 284424 1238 284440 1239 284584
1240 284656 1241 285400 1242 285416 1243 285584 1244 285724 1245 285796 1246 285916 1247 286052 1248 286188 1249 286312
1250 286448 1251 286524 1252 286620 1253 286696 1254 286856 1255 288688 1256 288768 1257 288836 1258 289344 1259 289532
1260 289632 1261 290092 1262 290108 1263 290168 1264 290196 1265 290224 1266 290256 1267 290284 1268 290356 1269 290384
1270 290824 1271 291868 1272 291884 1273 293588 1274 293820 1275 293876 1276 294388 1277 294460 1278 294872 1279 295380
1280 295512 1281 295972 1282 296672 1283 297140 1284 297740 1285 297816 1286 298228 1287 298444 1288 298928 1289 299892
1290 300644 1291 300832 1292 301056 1293 301608 1294 302508 1295 302636 1296 302808 1297 302836 1298 304300 1299 304700
1300 304820 1301 304960 1302 304976 1303 305164 1304 305180 1305 305612 1306 305884 1307 306140 1308 306272 1309 306620
1310 306636 1311 306740 1312 306820 1313 307312 1314 308044 1315 308176 1316 308300 1317 308316 1318 308592 1319 309024
1320 309744 1321 309760 1322 310444 1323 310524 1324 310648 1325 311316 1326 311612 1327 311800 1328 311816 1329 312568
1330 312584 1331 313544 1332 313560 1333 313780 1334 313952 1335 314200 1336 314216 1337 314968 1338 314984 1339 317596
1340 317692 1341 317816 1342 317968 1343 318176 1344 318192 1345 318908 1346 318924 1347 319632 1348 319648 1349 320344
1350 320360 1351 320556 1352 320572 1353 320864 1354 320880 1355 321056 1356 322172 1357 322192 1358 322324 1359 322876
1360 322892 1361 323588 1362 323604 1363 323852 1364 324188 1365 324372 1366 324540 1367 324664 1368 324844 1369 324860
1370 324968 1371 325048 1372 325192 1373 325364 1374 326240 1375 326464 1376 326688 1377 327252 1378 327268 1379 328292
1380 328368 1381 329084 1382 329100 1383 329368 1384 329460 1385 329584 1386 329652 1387 329724 1388 329764 1389 329896
1390 329964 1391 330036 1392 330536 1393 330988 1394 331440 1395 331892 1396 331908 1397 332024 1398 332040 1399 332124
1400 332216 1401 332288 1402 332360 1403 332376 1404 332528 1405 332544 1406 332644 1407 332976 1408 332992 1409 333096
1410 333224 1411 333240 1412 333528 1413 333544 1414 334068 1415 334084 1416 334200 1417 334268 1418 334516 1419 334608
1420 334760 1421 334832 1422 334904 1423 334920 1424 335192 1425 336396 1426 336464 1427 336524 1428 336592 1429 336684
1430 336912 1431 336928 1432 337076 1433 337272 1434 337348 1435 337428 1436 337504 1437 337604 1438 337976 1439 338076
1440 338448 1441 338536 1442 338624 1443 338692 1444 338752 1445 338816 1446 338880 1447 338920 1448 339076 1449 339172
1450 339328 1451 339448 1452 339464 1453 339800 1454 339868 1455 339940 1456 340084 1457 340100 1458 340168 1459 340228
1460 340236 1461 340372 1462 340472 1463 340704 1464 340956 1465 341032 1466 341460 1467 341476 1468 341552 1469 341648
1470 341956 1471 342048 1472 342128 1473 342168 1474 342304 1475 342632 1476 342828 1477 343172 1478 343200 1479 343464
1480 343548 1481 343636 1482 343852 1483 343908 1484 344036 1485 344168 1486 344252 1487 344548 1488 344680 1489 344764
1490 345060 1491 345192 1492 345276 1493 346244 1494 346336 1495 346872 1496 347004 1497 347088 1498 348056 1499 348144
1500 348208 1501 348364 1502 348952 1503 348968 1504 349052 1505 349080 1506 349516 1507 349944 1508 350460 1509 350684
1510 350788 1511 351224 1512 352764 1513 353140 1514 353260 1515 353320 1516 353968 1517 355176 1518 355260 1519 355344
1520 355372 1521 355456 1522 355544 1523 355608 1524 355748 1525 355804 1526 355968 1527 355984 1528 356116 1529 356392
1530 356524 1531 356800 1532 356876 1533 356960 1534 357048 1535 357344 1536 357360 1537 357800 1538 357816 1539 357948
1540 358972 1541 359576 1542 360296 1543 360948 1544 362076 1545 362688 1546 362816 1547 363064 1548 363108 1549 363360
1550 363592 1551 363844 1552 364100 1553 364236 1554 365236 1555 365252 1556 366252 1557 366268 1558 366308 1559 366456
1560 366568 1561 366680 1562 366884 1563 367104 1564 367300 1565 367380 1566 367472 1567 367572 1568 367720 1569 367828
1570 367904 1571 368180 1572 368296 1573 368636 1574 368976 1575 369176 1576 369384 1577 369608 1578 369808 1579 369892
1580 370016 1581 370144 1582 370420 1583 370436 1584 370520 1585 370600 1586 370852 1587 370868 1588 370884 1589 370900
1590 370916 1591 371040 1592 371164 1593 371288 1594 371376 1595 371568 1596 371632 1597 371964 1598 372136 1599 372308
1600 372556 1601 373000 1602 373056 1603 373072 1604 373088 1605 373240 1606 373640 1607 373992 1608 374032 1609 374048
1610 374160 1611 374368 1612 374384 1613 374464 1614 375088 1615 375104 1616 375472 1617 375488 1618 375496 1619 375528
1620 375560 1621 375592 1622 375756 1623 375984 1624 376000 1625 376228 1626 376244 1627 376496 1628 376576 1629 377180
1630 377244 1631 377516 1632 377728 1633 377776 1634 377996 1635 379072 1636 379192 1637 379320 1638 379336 1639 379516
1640 379532 1641 379548 1642 379724 1643 380208 1644 380612 1645 381156 1646 381284 1647 381300 1648 382956 1649 385052
1650 385080 1651 385124 1652 385216 1653 385244 1654 385312 1655 386088 1656 387424 1657 387464 1658 387508 1659 387688
1660 387856 1661 389280 1662 389580 1663 389636 1664 389668 1665 389780 1666 390644 1667 390696 1668 391056 1669 391492
1670 391776 1671 391844 1672 391988 1673 393744 1674 393884 1675 393912 1676 393972 1677 394032 1678 395580 1679 396692
1680 396708 1681 396736 1682 396856 1683 398204 1684 398584 1685 398968 1686 398984 1687 399168 1688 399656 1689 401476
1690 401504 1691 401572 1692 401860 1693 402056 1694 402204 1695 402352 1696 402784 1697 402800 1698 402816 1699 402952
1700 403044 1701 403172 1702 403244 1703 403332 1704 403596 1705 403740 1706 403800 1707 403992 1708 404064 1709 405060
1710 405136 1711 405324 1712 405612 1713 405808 1714 405836 1715 405876 1716 406052 1717 406116 1718 406224 1719 406252
1720 406292 1721 406488 1722 406872 1723 407748 1724 407980 1725 408188 1726 408228 1727 408268 1728 408360 1729 408524
1730 408632 1731 408868 1732 408956 1733 409028 1734 409112 1735 409452 1736 409812 1737 410188 1738 410688 1739 410848
1740 411068 1741 411140 1742 411484 1743 412256 1744 412456 1745 412472 1746 412556 1747 412632 1748 412732 1749 413136
1750 413408 1751 413584 1752 413624 1753 413692 1754 414068 1755 414236 1756 414340 1757 414696 1758 414768 1759 415052
1760 415376 1761 415876 1762 416252 1763 416280 1764 416368 1765 416756 1766 417224 1767 417436 1768 417540 1769 417752
1770 417784 1771 417812 1772 418012 1773 418436 1774 418600 1775 418792 1776 419112 1777 419128 1778 419268 1779 419284
1780 419432 1781 419492 1782 419552 1783 419612 1784 420000 1785 420160 1786 420184 1787 420468 1788 421008 1789 421084
1790 421268 1791 421512 1792 421540 1793 421760 1794 422056 1795 422804 1796 422868 1797 423084 1798 423316 1799 423540
1800 423760 1801 423976 1802 424044 1803 424204 1804 424428 1805 424644 1806 424820 1807 424836 1808 425112 1809 425336
1810 425456 1811 425660 1812 425864 1813 426076 1814 426288 1815 426492 1816 426748 1817 426988 1818 427232 1819 427280
1820 427520 1821 427720 1822 427900 1823 429256 1824 429380 1825 431300 1826 431440 1827 431808 1828 432888 1829 433360
1830 433992 1831 434008 1832 434068 1833 434124 1834 434400 1835 434472 1836 434844 1837 435372 1838 435828 1839 436384
1840 436840 1841 437092 1842 437108 1843 437296 1844 437384 1845 437704 1846 437916 1847 439356 1848 440236 1849 440312
1850 440728 1851 440756 1852 440980 1853 442040 1854 442232 1855 443200 1856 443284 1857 446296 1858 446656 1859 447188
1860 447376 1861 447884 1862 448040 1863 448128 1864 448464 1865 448640 1866 448656 1867 448688 1868 448716 1869 448916
1870 449128 1871 449256 1872 449288 1873 449344 1874 449408 1875 449644 1876 449724 1877 449800 1878 449964 1879 450848
1880 450900 1881 451620 1882 451680 1883 452824 1884 453640 1885 454516 1886 454592 1887 455076 1888 455096 1889 455184
1890 455316 1891 455448 1892 455464 1893 455596 1894 455728 1895 456460 1896 456544 1897 456632 1898 456764 1899 456896
1900 456912 1901 457044 1902 457176 1903 457208 1904 457464 1905 457584 1906 457840 1907 459384 1908 459500 1909 459572
1910 459824 1911 459940 1912 460048 1913 460512 1914 462180 1915 462196 1916 462224 1917 462252 1918 462440 1919 462536
1920 463516 1921 463532 1922 463668 1923 463684 1924 463832 1925 464040 1926 464068 1927 464104 1928 464816 1929 465740
1930 465768 1931 466120 1932 466136 1933 466152 1934 466684 1935 466700 1936 470060 1937 470076 1938 470360 1939 472540
1940 473020 1941 473724 1942 474136 1943 475208 1944 475704 1945 476240 1946 476656 1947 477740 1948 478156 1949 478184
1950 478276 1951 478520 1952 479048 1953 479180 1954 479196 1955 479460 1956 479476 1957 479864 1958 480396 1959 480500
1960 480516 1961 480696 1962 480828 1963 480904 1964 480984 1965 481140 1966 481268 1967 481424 1968 481524 1969 481656
1970 481852 1971 481880 1972 482216 1973 482440 1974 482672 1975 483156 1976 484376 1977 484764 1978 485100 1979 485184
1980 485504 1981 485952 1982 486196 1983 486392 1984 487500 1985 487528 1986 487556 1987 487672 1988 487844 1989 487860
1990 488140 1991 488276 1992 488396 1993 488412 1994 488528 1995 488644 1996 488772 1997 488956 1998 489116 1999 489132
2000 489208 2001 489428 2002 489500 2003 489660 2004 490012 2005 490028 2006 490168 2007 490448 2008 490560 2009 490588
2010 490872 2011 491012 2012 491436 2013 491548 2014 491564 2015 491592 2016 491876 2017 491948 2018 492284 2019 492424
2020 492452 2021 492480 2022 492508 2023 492696 2024 492744 2025 492772 2026 492992 2027 493052 2028 493328 2029 493452
2030 493756 2031 494736 2032 494832 2033 495200 2034 495272 2035 495608 2036 495684 2037 495832 2038 495988 2039 496320
2040 496516 2041 496588 2042 496664 2043 496788 2044 496864 2045 496952 2046 497208 2047 497268 2048 497472 2049 497880
2050 498480 2051 498672 2052 498932 2053 498992 2054 499008 2055 499268 2056 499472 2057 499684 2058 500352 2059 500672
2060 500956 2061 501476 2062 501776 2063 502368 2064 502404 2065 502480 2066 502572 2067 502888 2068 502960 2069 503008
2070 503128 2071 503528 2072 503544 2073 503576 2074 503652 2075 503736 2076 503824 2077 504684 2078 504972 2079 505056
2080 505172 2081 505412 2082 510340 2083 510488 2084 511184 2085 511488 2086 511504 2087 511532 2088 511608 2089 511716
2090 511868 2091 512188 2092 512284 2093 512612 2094 512720 2095 513572 2096 514124 2097 514260 2098 514368 2099 515308
2100 515336 2101 515412 2102 515696 2103 516092 2104 516304 2105 516692 2106 517028 2107 517144 2108 517160 2109 517388
2110 517528 2111 517592 2112 518632 2113 518736 2114 518824 2115 518900 2116 518916 2117 519048 2118 519132 2119 519264
2120 519348 2121 519436 2122 519512 2123 519528 2124 519660 2125 519744 2126 519876 2127 519960 2128 520748 2129 520988
2130 521120 2131 521908 2132 522036 2133 522972 2134 523128 2135 523240 2136 523724 2137 524944 2138 525332 2139 525668
2140 525868 2141 525884 2142 526092 2143 526108 2144 526180 2145 526292 2146 526568 2147 529560 2148 529576 2149 529688
2150 529800 2151 529872 2152 529956 2153 530040 2154 530084 2155 530164 2156 530312 2157 530448 2158 530516 2159 531004
2160 531488 2161 532708 2162 532796 2163 533108 2164 533244 2165 533344 2166 533460 2167 533576 2168 533900 2169 534020
2170 534036 2171 534064 2172 534520 2173 534596 2174 536360 2175 536468 2176 536656 2177 536728 2178 536916 2179 537380
2180 537600 2181 538016 2182 538104 2183 538256 2184 538332 2185 538648 2186 538992 2187 539844 2188 540148 2189 540204
2190 540260 2191 540772 2192 540788 2193 540860 2194 540876 2195 541428 2196 541444 2197 541568 2198 541584 2199 541804
2200 541832 2201 541904 2202 541960 2203 542016 2204 542072 2205 542128 2206 542152 2207 542204 2208 542320 2209 542380
2210 542432 2211 542476 2212 543004 2213 543532 2214 543604 2215 543740 2216 544300 2217 544604 2218 544680 2219 544948
2220 545184 2221 545252 2222 545328 2223 545452 2224 545636 2225 545904 2226 545920 2227 545996 2228 546080 2229 546156
2230 546308 2231 546444 2232 546592 2233 546952 2234 547480 2235 547548 2236 547612 2237 547628 2238 547788 2239 547804
2240 548000 2241 548140 2242 548156 2243 548252 2244 548268 2245 548344 2246 548480 2247 548608 2248 549168 2249 549236
2250 549308 2251 550252 2252 550368 2253 550444 2254 550828 2255 551976 2256 552404 2257 552584 2258 553144 2259 553220
2260 553780 2261 553856 2262 555360 2263 555428 2264 555468 2265 555484 2266 555520 2267 555536 2268 555588 2269 555604
2270 556000 2271 556016 2272 556032 2273 556428 2274 556692 2275 557428 2276 557500 2277 557656 2278 557732 2279 558096
2280 558468 2281 558520 2282 558536 2283 558648 2284 558664 2285 558764 2286 558864 2287 558984 2288 559112 2289 559420
2290 559580 2291 559776 2292 561004 2293 561672 2294 561688 2295 561780 2296 561936 2297 562816 2298 563484 2299 563500
2300 563576 2301 564524 2302 564608 2303 564792 2304 564964 2305 565064 2306 565124 2307 565320 2308 565412 2309 565748
2310 565764 2311 565840 2312 566044 2313 567696 2314 567712 2315 567728 2316 567744 2317 567964 2318 568040 2319 568256
2320 568272 2321 568288 2322 568316 2323 568520 2324 568652 2325 568936 2326 568968 2327 569180 2328 569480 2329 569716
2330 569824 2331 569976 2332 570208 2333 570500 2334 570572 2335 570744 2336 570804 2337 570896 2338 571080 2339 571300
2340 571432 2341 571580 2342 571596 2343 571728 2344 571876 2345 572012 2346 572088 2347 572816 2348 572844 2349 573036
2350 573052 2351 573144 2352 573276 2353 573372 2354 573400 2355 573604 2356 573620 2357 573956 2358 576196 2359 576212
2360 578976 2361 579192 2362 579280 2363 579484 2364 579572 2365 579588 2366 579656 2367 579744 2368 579840 2369 579856
2370 579872 2371 579888 2372 580144 2373 580248 2374 580364 2375 580396 2376 580432 2377 580552 2378 580696 2379 580780
2380 580940 2381 581120 2382 581272 2383 581300 2384 581516 2385 581644 2386 581672 2387 581772 2388 581872 2389 582252
2390 582352 2391 582560 2392 582648 2393 582720 2394 582876 2395 583032 2396 583240 2397 583340 2398 583468 2399 583556
2400 583628 2401 583716 2402 583788 2403 583888 2404 584096 2405 584224 2406 584324 2407 584424 2408 584524 2409 584624
2410 584684 2411 585012 2412 585212 2413 585336 2414 585440 2415 585808 2416 586188 2417 586720 2418 586792 2419 587112
2420 587336 2421 587480 2422 587636 2423 587784 2424 587964 2425 588204 2426 588300 2427 588396 2428 588552 2429 588632
2430 588728 2431 588932 2432 589348 2433 589364 2434 590204 2435 593496 2436 593592 2437 593808 2438 594296 2439 594504
2440 594516 2441 594532 2442 594912 2443 595148 2444 595280 2445 595564 2446 595712 2447 595800 2448 595932 2449 596184
2450 596200 2451 596332 2452 596584 2453 597156 2454 597608 2455 597676 2456 597760 2457 597804 2458 597952 2459 598072
2460 598168 2461 598308 2462 598408 2463 598700 2464 598992 2465 599092 2466 599388 2467 599404 2468 599476 2469 599776
2470 599848 2471 600144 2472 600216 2473 600516 2474 600588 2475 600796 2476 601004 2477 601212 2478 601420 2479 601560
2480 602164 2481 602432 2482 603316 2483 603368 2484 603420 2485 603704 2486 604360 2487 604376 2488 604432 2489 604448
2490 604732 2491 604804 2492 604912 2493 604984 2494 605048 2495 605216 2496 605316 2497 605544 2498 606036 2499 606140
2500 606692 2501 606708 2502 606844 2503 606888 2504 607296 2505 607320 2506 607336 2507 607364 2508 607672 2509 607696
2510 607796 2511 607812 2512 613784 2513 613800 2514 614028 2515 614044 2516 614308 2517 614324 2518 614784 2519 614800
2520 615148 2521 615164 2522 615332 2523 615348 2524 615452 2525 615468 2526 616908 2527 617308 2528 617336 2529 617508
2530 618216 2531 618300 2532 618316 2533 618344 2534 618576 2535 618592 2536 618656 2537 618672 2538 618736 2539 618752
2540 618860 2541 618876 2542 619140 2543 619156 2544 619172 2545 619552 2546 619568 2547 619676 2548 619692 2549 619936
2550 619952 2551 620472 2552 620488 2553 620800 2554 620816 2555 620924 2556 620940 2557 621184 2558 621200 2559 621404
2560 621420 2561 621524 2562 621540 2563 622076 2564 622092 2565 622504 2566 622520 2567 622628 2568 622644 2569 622740
2570 622860 2571 623332 2572 623348 2573 623364 2574 623836 2575 623852 2576 624816 2577 624832 2578 624936 2579 624952
2580 625216 2581 625232 2582 625596 2583 625612 2584 625836 2585 625852 2586 626512 2587 626528 2588 626636 2589 626652
2590 627104 2591 627120 2592 627500 2593 627516 2594 627624 2595 627640 2596 627864 2597 627880 2598 628124 2599 628140
2600 628460 2601 628476 2602 628860 2603 628876 2604 629060 2605 629076 2606 629280 2607 629376 2608 629392 2609 630072
2610 630140 2611 630156 2612 630620 2613 632444 2614 633920 2615 635012 2616 635028 2617 635372 2618 635628 2619 635708
2620 635724 2621 638512 2622 639440 2623 639496 2624 639612 2625 640028 2626 640168 2627 640184 2628 640256 2629 640328
2630 641048 2631 641064 2632 641172 2633 641188 2634 641488 2635 641600 2636 641732 2637 641844 2638 642700 2639 642728
2640 642960 2641 642976 2642 642992 2643 643336 2644 643352 2645 643484 2646 643612 2647 643740 2648 643852 2649 643968
2650 644096 2651 644224 2652 644336 2653 644444 2654 644508 2655 644752 2656 644996 2657 645336 2658 645344 2659 647756
2660 647808 2661 647872 2662 655416 2663 655432 2664 655464 2665 655492 2666 655776 2667 655848 2668 656184 2669 656484
2670 656500 2671 656776 2672 657072 2673 657112 2674 657280 2675 657296 2676 657312 2677 657328 2678 657560 2679 658116
2680 658440 2681 658604 2682 659036 2683 660024 2684 660056 2685 660228 2686 660360 2687 660480 2688 660524 2689 660592
2690 661116 2691 661144 2692 661232 2693 661332 2694 661636 2695 662372 2696 662404 2697 662996 2698 663160 2699 663188
2700 663216 2701 663244 2702 663612 2703 663788 2704 663820 2705 663844 2706 664008 2707 664140 2708 664168 2709 664196
2710 664288 2711 664380 2712 664724 2713 664856 2714 664948 2715 664980 2716 665312 2717 665536 2718 665820 2719 666520
2720 666596 2721 666692 2722 666780 2723 666796 2724 666820 2725 666848 2726 667520 2727 667604 2728 667676 2729 667904
2730 668036 2731 668124 2732 668184 2733 668560 2734 668888 2735 668952 2736 669032 2737 669160 2738 669352 2739 669368
2740 669384 2741 669504 2742 669656 2743 669680 2744 670132 2745 670224 2746 670300 2747 670404 2748 670508 2749 671264
2750 671280 2751 671296 2752 671368 2753 671408 2754 672044 2755 673268 2756 673284 2757 673572 2758 673700 2759 674112
2760 674192 2761 674268 2762 675396 2763 675948 2764 676112 2765 676208 2766 676280 2767 676384 2768 676468 2769 676544
2770 676616 2771 676744 2772 676820 2773 676984 2774 677056 2775 677304 2776 677400 2777 677428 2778 677488 2779 678124
2780 678140 2781 679544 2782 680152 2783 682016 2784 682356 2785 682372 2786 682472 2787 682572 2788 682672 2789 682828
2790 682920 2791 682952 2792 682968 2793 683088 2794 683104 2795 683356 2796 683424 2797 683500 2798 683624 2799 683756
2800 684464 2801 684744 2802 684812 2803 685104 2804 685424 2805 685772 2806 686068 2807 686216 2808 686536 2809 687044
2810 687392 2811 687760 2812 687808 2813 687880 2814 688120 2815 688252 2816 688328 2817 688396 2818 688472 2819 688612
2820 688688 2821 688736 2822 688812 2823 689076 2824 689172 2825 689272 2826 689352 2827 689380 2828 689408 2829 689616
2830 689632 2831 689864 2832 690088 2833 690116 2834 691804 2835 691820 2836 691848 2837 693148 2838 693488 2839 694104
2840 694612 2841 694628 2842 694692 2843 694724 2844 695104 2845 695276 2846 695304 2847 695348 2848 695484 2849 695988
2850 696012 2851 696196 2852 696320 2853 696380 2854 696960 2855 697064 2856 697256 2857 697308 2858 697352 2859 697444
2860 697472 2861 697808 2862 697920 2863 698312 2864 698660 2865 699108 2866 699124 2867 699212 2868 699432 2869 699504
2870 699924 2871 701428 2872 701444 2873 701460 2874 701476 2875 701500 2876 701576 2877 701768 2878 702288 2879 702360
2880 702436 2881 702700 2882 702996 2883 703264 2884 703336 2885 703560 2886 703632 2887 703832 2888 704032 2889 704204
2890 704276 2891 704428 2892 704504 2893 704668 2894 704868 2895 705180 2896 705256 2897 705284 2898 705580 2899 705608
2900 705900 2901 706056 2902 706184 2903 706248 2904 706388 2905 706516 2906 706656 2907 706828 2908 707028 2909 707056
2910 707196 2911 707288 2912 707548 2913 707628 2914 707752 2915 708000 2916 708040 2917 708152 2918 708260 2919 708376
2920 708572 2921 708960 2922 709028 2923 709044 2924 709072 2925 709144 2926 709236 2927 709496 2928 709568 2929 709656
2930 709720 2931 709808 2932 709896 2933 710000 2934 710124 2935 710228 2936 710388 2937 710404 2938 710792 2939 710948
2940 711104 2941 711388 2942 711528 2943 711668 2944 711696 2945 711724 2946 711800 2947 711872 2948 711928 2949 712096
2950 712216 2951 712732 2952 712824 2953 712916 2954 712932 2955 713048 2956 713064 2957 713252 2958 713444 2959 713604
2960 713740 2961 713816 2962 713892 2963 713908 2964 713924 2965 713984 2966 714068 2967 714252 2968 714768 2969 714860
2970 714876 2971 714960 2972 715292 2973 715332 2974 715568 2975 715644 2976 718516 2977 718544 2978 718572 2979 718740
2980 718852 2981 718992 2982 719080 2983 720312 2984 720328 2985 720440 2986 720680 2987 720696 2988 720808 2989 720944
2990 720960 2991 721000 2992 721056 2993 721392 2994 721644 2995 721824 2996 721900 2997 721996 2998 722944 2999 723216
3000 723540 3001 723820 3002 723896 3003 723924 3004 723972 3005 725668 3006 725840 3007 726008 3008 726132 3009 726188
3010 726252 3011 726492 3012 726552 3013 726864 3014 726940 3015 727016 3016 727248 3017 727264 3018 727592 3019 727856
3020 727936 3021 728316 3022 728552 3023 728756 3024 729092 3025 729244 3026 729272 3027 729568 3028 729788 3029 729816
3030 729844 3031 729944 3032 729960 3033 730204 3034 730328 3035 731252 3036 731328 3037 731728 3038 731744 3039 731776
3040 731852 3041 731924 3042 732548 3043 732564 3044 732580 3045 732596 3046 732668 3047 733776 3048 733792 3049 734224
3050 734416 3051 734580 3052 734820 3053 734880 3054 735244 3055 735320 3056 735640 3057 735656 3058 735744 3059 735772
3060 735956 3061 736028 3062 736232 3063 736356 3064 736432 3065 736632 3066 736764 3067 736840 3068 736976 3069 737052
3070 737488 3071 737504 3072 737984 3073 738012 3074 738068 3075 739044 3076 739060 3077 739232 3078 739324 3079 739640
3080 739672 3081 739792 3082 740124 3083 740324 3084 740668 3085 740748 3086 741588 3087 742036 3088 742148 3089 742824
3090 743168 3091 743252 3092 743352 3093 743428 3094 743600 3095 743756 3096 743984 3097 744080 3098 744280 3099 744420
3100 744704 3101 744856 3102 744996 3103 745072 3104 745152 3105 745616 3106 745692 3107 746676 3108 748276 3109 748292
3110 748796 3111 748948 3112 749220 3113 749492 3114 749996 3115 750196 3116 750312 3117 750512 3118 750756 3119 750772
3120 750788 3121 751016 3122 751224 3123 751512 3124 751796 3125 751868 3126 751944 3127 752040 3128 752908 3129 752924
3130 753148 3131 753272 3132 753548 3133 753852 3134 753896 3135 754076 3136 754216 3137 754336 3138 754452 3139 754532
3140 754544 3141 754556 3142 754660 3143 754764 3144 755152 3145 755604 3146 755620 3147 755904 3148 756180 3149 756208
3150 756536 3151 756764 3152 756904 3153 757000 3154 757212 3155 757236 3156 757332 3157 757364 3158 757596 3159 757780
3160 758500 3161 758564 3162 758912 3163 759344 3164 759408 3165 759448 3166 759472 3167 759488 3168 759876 3169 760092
3170 760108 3171 760260 3172 760336 3173 760536 3174 760552 3175 760592 3176 760676 3177 761124 3178 761436 3179 761452
3180 761628 3181 762276 3182 762436 3183 762508 3184 764416 3185 764432 3186 764448 3187 764524 3188 764660 3189 764760
3190 764868 3191 764984 3192 765060 3193 765740 3194 766144 3195 766220 3196 766236 3197 766252 3198 766768 3199 766784
3200 767124 3201 767572 3202 768068 3203 768084 3204 768180 3205 768276 3206 769980 3207 770004 3208 770048 3209 770108
3210 770240 3211 770680 3212 771640 3213 771924 3214 771996 3215 772332 3216 772472 3217 772548 3218 772600 3219 773168
3220 773752 3221 774140 3222 774216 3223 774248 3224 774300 3225 774416 3226 774632 3227 774828 3228 774944 3229 775080
3230 775156 3231 775292 3232 775368 3233 775616 3234 776448 3235 776464 3236 776480 3237 776604 3238 776844 3239 777008
3240 777204 3241 777432 3242 777684 3243 777756 3244 777960 3245 778056 3246 778328 3247 778476 3248 778540 3249 778656
3250 778776 3251 779016 3252 779092 3253 779176 3254 779284 3255 779360 3256 779444 3257 779572 3258 779600 3259 779616
3260 779688 3261 779704 3262 780076 3263 780204 3264 782496 3265 782624 3266 782752 3267 782888 3268 783488 3269 783504
3270 783772 3271 783916 3272 784164 3273 784300 3274 784328 3275 784740 3276 785020 3277 785048 3278 787760 3279 787988
3280 788220 3281 788272 3282 788400 3283 788476 3284 788524 3285 788768 3286 789096 3287 789336 3288 789416 3289 789744
3290 789808 3291 789884 3292 790708 3293 790724 3294 790740 3295 791072 3296 791144 3297 791160 3298 791176 3299 791192
3300 791208 3301 791224 3302 791252 3303 791280 3304 791308 3305 791336 3306 791360 3307 791520 3308 791548 3309 791576
3310 791656 3311 791824 3312 791904 3313 791932 3314 791960 3315 791992 3316 792128 3317 792480 3318 793128 3319 793204
3320 793232 3321 793696 3322 793940 3323 796724 3324 796860 3325 796936 3326 797012 3327 799060 3328 799136 3329 799152
3330 799496 3331 799524 3332 799552 3333 799700 3334 799784 3335 800700 3336 801008 3337 806900 3338 806916 3339 806932
3340 806948 3341 807008 3342 807080 3343 807096 3344 807168 3345 807364 3346 807380 3347 807396 3348 807412 3349 807448
3350 807604 3351 807620 3352 807768 3353 807784 3354 807800 3355 807836 3356 807924 3357 808764 3358 808780 3359 809220
3360 809348 3361 809496 3362 809980 3363 809996 3364 810100 3365 810164 3366 810288 3367 810316 3368 810356 3369 810424
3370 810440 3371 810524 3372 810556 3373 810620 3374 810952 3375 811020 3376 811092 3377 811256 3378 811448 3379 811588
3380 811732 3381 811900 3382 811928 3383 811944 3384 812256 3385 812300 3386 812328 3387 812344 3388 812428 3389 812776
3390 812792 3391 812808 3392 812984 3393 813000 3394 813028 3395 813080 3396 813468 3397 813544 3398 813756 3399 814044
3400 814064 3401 814328 3402 814600 3403 814684 3404 814756 3405 814872 3406 815124 3407 815200 3408 815264 3409 815452
3410 815572 3411 815856 3412 815928 3413 816264 3414 816404 3415 816540 3416 816612 3417 816796 3418 817020 3419 817092
3420 817432 3421 817632 3422 817832 3423 817928 3424 818560 3425 818576 3426 819416 3427 819432 3428 819448 3429 819576
3430 819672 3431 819744 3432 819860 3433 820028 3434 820308 3435 820380 3436 820484 3437 820616 3438 820692 3439 821772
3440 821788 3441 821848 3442 821916 3443 822144 3444 822772 3445 823748 3446 823804 3447 823864 3448 824172 3449 824228
3450 824288 3451 824416 3452 824552 3453 824580 3454 824872 3455 824968 3456 825012 3457 825080 3458 825236 3459 825328
3460 825476 3461 825492 3462 825620 3463 825704 3464 825716 3465 825856 3466 826024 3467 826052 3468 826236 3469 826264
3470 826356 3471 826384 3472 826800 3473 827052 3474 828440 3475 828456 3476 828688 3477 828780 3478 829312 3479 829400
3480 830112 3481 830260 3482 830492 3483 830908 3484 830924 3485 830952 3486 831116 3487 831316 3488 832600 3489 832984
3490 833000 3491 833608 3492 833624 3493 833808 3494 833988 3495 834072 3496 834744 3497 834788 3498 834816 3499 834844
3500 834940 3501 835020 3502 835096 3503 835484 3504 835548 3505 835620 3506 835688 3507 835756 3508 835784 3509 835876
3510 835904 3511 837692 3512 838132 3513 838148 3514 838164 3515 838520 3516 838616 3517 838700 3518 838896 3519 839092
3520 839368 3521 839684 3522 839880 3523 840076 3524 840352 3525 840488 3526 841352 3527 841744 3528 842032 3529 842332
3530 843364 3531 843868 3532 844036 3533 844540 3534 844708 3535 844760 3536 844856 3537 845712 3538 846068 3539 846476
3540 847012 3541 847180 3542 847288 3543 847664 3544 847784 3545 847816 3546 848504 3547 848576 3548 848648 3549 848720
3550 848940 3551 849264 3552 849396 3553 849468 3554 850804 3555 850932 3556 851160 3557 851176 3558 851356 3559 852672
3560 852836 3561 852852 3562 853012 3563 853100 3564 854980 3565 855080 3566 855160 3567 855240 3568 855364 3569 855488
3570 855524 3571 855616 3572 855884 3573 856016 3574 856044 3575 856136 3576 856228 3577 856380 3578 856532 3579 856624
3580 856724 3581 856924 3582 857120 3583 857660 3584 858508 3585 858580 3586 858648 3587 858724 3588 858776 3589 859048
3590 859716 3591 859860 3592 860064 3593 860092 3594 860192 3595 860268 3596 860580 3597 860612 3598 860688 3599 862624
3600 862640 3601 862656 3602 862672 3603 863020 3604 863036 3605 863052 3606 863336 3607 864528 3608 864788 3609 864804
3610 864880 3611 865436 3612 865512 3613 865588 3614 865664 3615 866292 3616 866308 3617 866324 3618 866340 3619 866356
3620 867192 3621 867332 3622 867596 3623 867684 3624 867712 3625 867788 3626 867848 3627 867908 3628 868776 3629 868860
3630 869200 3631 869300 3632 869372 3633 870272 3634 870288 3635 870856 3636 870928 3637 871008 3638 871224 3639 871612
3640 871796 3641 871812 3642 871828 3643 871928 3644 872120 3645 872248 3646 872392 3647 872524 3648 872800 3649 872960
3650 872976 3651 873400 3652 873416 3653 873632 3654 873724 3655 873800 3656 874644 3657 874812 3658 874840 3659 875360
3660 875708 3661 876160 3662 876340 3663 876356 3664 876532 3665 876556 3666 876572 3667 876668 3668 876880 3669 876896
3670 876912 3671 876988 3672 877160 3673 877292 3674 877596 3675 877800 3676 878080 3677 878236 3678 878252 3679 878592
3680 878608 3681 878676 3682 879144 3683 879160 3684 879308 3685 879424 3686 879492 3687 879668 3688 879692 3689 879716
3690 879740 3691 879976 3692 879992 3693 880348 3694 880628 3695 880716 3696 881016 3697 881044 3698 881116 3699 881196
3700 881240 3701 881580 3702 881612 3703 881628 3704 881664 3705 881680 3706 882180 3707 882196 3708 882212 3709 882280
3710 882296 3711 882368 3712 882508 3713 882584 3714 882844 3715 883048 3716 883244 3717 886284 3718 886300 3719 886316
3720 886332 3721 886348 3722 886364 3723 886380 3724 886396 3725 886432 3726 886508 3727 886796 3728 887088 3729 887164
3730 887448 3731 887816 3732 887948 3733 888300 3734 888824 3735 889064 3736 889104 3737 889388 3738 889732 3739 890104
3740 890192 3741 890244 3742 890328 3743 890404 3744 890480 3745 890796 3746 890988 3747 891332 3748 891468 3749 891676
3750 891748 3751 891976 3752 892052 3753 892192 3754 892272 3755 892356 3756 892588 3757 892828 3758 893268 3759 893752
3760 893784 3761 893844 3762 893896 3763 894484 3764 894700 3765 894760 3766 895244 3767 895552 3768 895672 3769 895724
3770 896320 3771 896484 3772 898524 3773 899240 3774 899588 3775 899664 3776 900112 3777 900268 3778 900356 3779 900536
3780 900608 3781 900680 3782 901036 3783 901108 3784 901480 3785 901672 3786 901812 3787 901884 3788 901992 3789 902064
3790 902224 3791 902300 3792 902752 3793 903104 3794 904032 3795 904048 3796 904400 3797 905176 3798 905520 3799 906292
3800 906364 3801 906736 3802 906856 3803 906928 3804 907032 3805 907392 3806 907464 3807 907524 3808 907540 3809 907556
3810 907712 3811 907728 3812 907744 3813 907780 3814 907804 3815 907820 3816 908112 3817 908440 3818 908740 3819 908832
3820 908972 3821 909024 3822 909788 3823 909912 3824 910020 3825 910128 3826 910184 3827 910308 3828 910484 3829 910492
3830 910548 3831 910604 3832 910620 3833 910636 3834 910976 3835 910992 3836 911088 3837 911172 3838 911296 3839 911476
3840 911580 3841 911656 3842 911728 3843 912696 3844 912712 3845 912968 3846 913128 3847 913772 3848 913868 3849 914892
3850 914908 3851 915152 3852 915300 3853 915380 3854 915396 3855 915724 3856 915892 3857 915908 3858 915948 3859 916020
3860 916120 3861 916176 3862 916264 3863 916356 3864 916372 3865 916388 3866 916428 3867 916516 3868 916532 3869 916624
3870 917028 3871 917712 3872 917812 3873 918320 3874 918472 3875 918712 3876 918832 3877 919272 3878 919848 3879 921756
3880 921812 3881 921828 3882 921844 3883 922108 3884 922136 3885 922192 3886 922268 3887 922348 3888 922424 3889 922452
3890 922472 3891 922548 3892 922600 3893 922720 3894 922832 3895 922904 3896 922980 3897 923068 3898 923172 3899 923340
3900 923400 3901 923460 3902 923548 3903 923624 3904 923712 3905 923772 3906 924336 3907 925320 3908 925396 3909 925412
3910 925428 3911 926896 3912 926968 3913 927520 3914 927936 3915 928096 3916 928292 3917 928344 3918 928460 3919 928888
3920 930516 3921 930568 3922 930620 3923 930720 3924 930784 3925 930904 3926 931236 3927 931352 3928 931500 3929 931612
3930 931772 3931 931852 3932 931944 3933 932024 3934 932096 3935 936236 3936 936252 3937 936328 3938 936344 3939 936452
3940 936508 3941 936572 3942 936736 3943 936976 3944 937068 3945 937332 3946 937416 3947 937752 3948 937928 3949 938004
3950 938236 3951 938476 3952 939036 3953 939052 3954 939164 3955 939264 3956 939468 3957 939544 3958 939620 3959 939680
3960 939756 3961 939832 3962 939908 3963 940164 3964 940224 3965 940284 3966 940392 3967 940460 3968 940688 3969 940804
3970 940872 3971 941020 3972 941104 3973 941320 3974 941448 3975 941516 3976 942432 3977 942492 3978 942516 3979 942700
3980 943016 3981 943324 3982 943456 3983 943784 3984 944244 3985 944904 3986 944924 3987 944976 3988 945144 3989 945484
3990 945724 3991 945848 3992 945900 3993 946000 3994 946132 3995 946260 3996 946284 3997 946368 3998 946440 3999 946924
4000 948144 4001 948368 4002 948600 4003 948616 4004 948728 4005 948796 4006 949180 4007 949196 4008 949232 4009 949272
4010 949420 4011 950380 4012 950404 4013 950608 4014 951104 4015 951164 4016 951544 4017 951620 4018 951636 4019 951652
4020 952804 4021 952984 4022 953488 4023 953524 4024 953560 4025 953636 4026 953672 4027 953708 4028 953744 4029 953780
4030 953816 4031 953852 4032 953888 4033 954396 4034 954464 4035 954480 4036 954624 4037 954640 4038 954780 4039 954796
4040 955052 4041 955068 4042 955224 4043 955364 4044 955464 4045 955608 4046 955708 4047 956072 4048 957468 4049 957752
4050 958244 4051 958444 4052 958920 4053 959004 4054 959256 4055 959876 4056 959964 4057 960616 4058 960760 4059 961136
4060 961212 4061 961232 4062 961272 4063 961352 4064 961388 4065 961424 4066 961496 4067 961564 4068 961672 4069 961752
4070 962224 4071 962436 4072 966304 4073 966320 4074 966336 4075 966352 4076 966368 4077 966568 4078 966816 4079 966892
4080 966924 4081 967528 4082 967576 4083 968244 4084 968264 4085 968348 4086 968808 4087 970100 4088 970128 4089 970224
4090 970372 4091 970488 4092 970568 4093 970668 4094 970796 4095 970924 4096 971028 4097 971092 4098 971184 4099 971404
4100 971484 4101 971568 4102 971652 4103 971752 4104 971768 4105 971836 4106 971936 4107 971952 4108 972052 4109 972068
4110 972168 4111 972184 4112 972292 4113 972308 4114 972408 4115 972424 4116 972524 4117 972636 4118 972788 4119 972864
4120 972964 4121 973076 4122 973228 4123 973304 4124 973404 4125 973516 4126 973668 4127 973744 4128 973844 4129 973956
4130 974032 4131 974148 4132 974260 4133 974336 4134 974728 4135 974856 4136 975244 4137 975368 4138 975480 4139 975556
4140 975996 4141 976120 4142 976232 4143 976308 4144 976748 4145 976872 4146 976984 4147 977060 4148 977344 4149 977732
4150 978416 4151 978468 4152 979340 4153 979896 4154 979920 4155 979936 4156 980004 4157 980052 4158 980644 4159 980712
4160 981264 4161 981788 4162 981968 4163 982200 4164 982460 4165 982528 4166 982768 4167 982844 4168 983084 4169 983324
4170 983564 4171 983640 4172 983784 4173 983812 4174 983828 4175 984000 4176 985156 4177 985560 4178 985772 4179 986400
4180 986896 4181 986904 4182 987044 4183 987700 4184 987720 4185 987824 4186 987868 4187 987912 4188 987956 4189 988000
4190 988044 4191 988096 4192 988156 4193 988216 4194 988276 4195 988336 4196 988396 4197 988460 4198 989024 4199 989224
4200 989252 4201 989268 4202 989304 4203 989340 4204 989376 4205 989412 4206 989448 4207 989484 4208 989520 4209 989556
4210 989592 4211 989628 4212 989664 4213 989700 4214 990112 4215 990352 4216 990804 4217 990832 4218 990840 4219 991064
4220 991100 4221 991176 4222 991276 4223 991868 4224 992596 4225 992672 4226 992708 4227 992840 4228 992972 4229 993104
4230 993236 4231 993368 4232 993508 4233 993648 4234 993952 4235 994300 4236 994424 4237 994520 4238 994796 4239 994880
4240 995224 4241 995628 4242 995752 4243 996096 4244 996444 4245 996568 4246 997044 4247 997528 4248 997728 4249 997932
4250 998132 4251 998392 4252 998556 4253 998744 4254 998884 4255 999244 4256 999472 4257 999564 4258 999656 4259 999748
4260 999840 4261 999932 4262 1000620 4263 1000992 4264 1001088 4265 1001120 4266 1001152 4267 1001276 4268 1001340 4269 1001392
4270 1001464 4271 1001480 4272 1001552 4273 1001568 4274 1001652 4275 1001668 4276 1001752 4277 1002080 4278 1002096 4279 1002168
4280 1002184 4281 1002268 4282 1002284 4283 1002368 4284 1002384 4285 1002456 4286 1002472 4287 1002544 4288 1002560 4289 1002632
4290 1002648 4291 1002720 4292 1002736 4293 1002820 4294 1002836 4295 1002908 4296 1002924 4297 1003276 4298 1003284 4299 1003408
4300 1003420 4301 1003432 4302 1003608 4303 1003620 4304 1003708 4305 1004104 4306 1004188 4307 1004200 4308 1004208 4309 1004280
4310 1004472 4311 1005180 4312 1005420 4313 1005740 4314 1006052 4315 1006460 4316 1006936 4317 1007716 4318 1007732 4319 1008416
4320 1008892 4321 1009032 4322 1009048 4323 1009064 4324 1009080 4325 1009452 4326 1009644 4327 1009744 4328 1009832 4329 1010032
4330 1010048 4331 1010832 4332 1010976 4333 1010984 4334 1010992 4335 1011228 4336 1012644 4337 1012744 4338 1013064 4339 1013384
4340 1013472 4341 1013528 4342 1013664 4343 1013780 4344 1014096 4345 1014452 4346 1014784 4347 1015196 4348 1015528 4349 1015872
4350 1016352 4351 1016832 4352 1017040 4353 1017652 4354 1017744 4355 1017844 4356 1018300 4357 1018344 4358 1018472 4359 1018584
4360 1018696 4361 1018840 4362 1019028 4363 1019184 4364 1019308 4365 1019648 4366 1019676 4367 1019984 4368 1020056 4369 1020128
4370 1020200 4371 1020268 4372 1020376 4373 1020484 4374 1020580 4375 1020740 4376 1020896 4377 1020992 4378 1021128 4379 1021320
4380 1021456 4381 1021632 4382 1021932 4383 1022192 4384 1022420 4385 1022564 4386 1022720 4387 1022932 4388 1023056 4389 1023184
4390 1023308 4391 1023452 4392 1023576 4393 1023816 4394 1024052 4395 1024204 4396 1024352 4397 1025568 4398 1025684 4399 1025808
4400 1025924 4401 1026104 4402 1026448 4403 1026616 4404 1026704 4405 1026848 4406 1026972 4407 1027180 4408 1027484 4409 1027880
4410 1028060 4411 1028380 4412 1028596 4413 1028696 4414 1029388 4415 1029576 4416 1029652 4417 1029728 4418 1029840 4419 1029912
4420 1030080 4421 1030220 4422 1030424 4423 1030480 4424 1030604 4425 1030668 4426 1034416 4427 1035052 4428 1035436 4429 1035532
4430 1035540 4431 1036348 4432 1036484 4433 1036632 4434 1036744 4435 1036832 4436 1036948 4437 1037036 4438 1037192 4439 1037316
4440 1037420 4441 1037428 4442 1037592 4443 1037692 4444 1037792 4445 1037948 4446 1038044 4447 1038224 4448 1038280 4449 1038828
4450 1039396 4451 1040112 4452 1040200 4453 1040288 4454 1040376 4455 1040464 4456 1040552 4457 1040640 4458 1040732 4459 1040824
4460 1040912 4461 1041000 4462 1041088 4463 1041176 4464 1041264 4465 1041352 4466 1041440 4467 1041528 4468 1041620 4469 1041712
4470 1041804 4471 1041896 4472 1041988 4473 1042076 4474 1042168 4475 1042260 4476 1042348 4477 1042440 4478 1042532 4479 1042624
4480 1042716 4481 1042804 4482 1042892 4483 1042980 4484 1043072 4485 1043164 4486 1043256 4487 1043348 4488 1043440 4489 1043532
4490 1043624 4491 1043716 4492 1043808 4493 1043900 4494 1043992 4495 1044080 4496 1044172 4497 1044264 4498 1044356 4499 1044448
4500 1044540 4501 1044632 4502 1044724 4503 1044816 4504 1044908 4505 1045000 4506 1045092 4507 1045184 4508 1045276 4509 1045368
4510 1045460 4511 1045552 4512 1045644 4513 1045736 4514 1045828 4515 1045916 4516 1046004 4517 1046092 4518 1046180 4519 1046272
4520 1046364 4521 1046452 4522 1046544 4523 1046632 4524 1046720 4525 1046812 4526 1046900 4527 1046992 4528 1047084 4529 1047176
4530 1047268 4531 1047360 4532 1047452 4533 1047544 4534 1047552 4535 1047560 4536 1047660 4537 1049288 4538 1049296 4539 1049412
4540 1049536 4541 1049608 4542 1049796 4543 1049884 4544 1049948 4545 1050044 4546 1050200 4547 1050284 4548 1050420 4549 1050568
4550 1050656 4551 1050776 4552 1050792 4553 1050904 4554 1050920 4555 1051040 4556 1051056 4557 1051188 4558 1051204 4559 1051300
4560 1051316 4561 1051424 4562 1051440 4563 1051544 4564 1051560 4565 1051692 4566 1051708 4567 1051860 4568 1051876 4569 1052060
4570 1052076 4571 1052216 4572 1052232 4573 1052364 4574 1052380 4575 1052520 4576 1052536 4577 1052716 4578 1052732 4579 1052844
4580 1052860 4581 1052976 4582 1052992 4583 1053104 4584 1053200 4585 1053216 4586 1053328 4587 1053344 4588 1053516 4589 1053532
4590 1053656 4591 1053672 4592 1053756 4593 1053772 4594 1053904 4595 1053920 4596 1054012 4597 1054028 4598 1054472 4599 1054488
4600 1054572 4601 1054588 4602 1054680 4603 1054696 4604 1054808 4605 1054824 4606 1054948 4607 1054964 4608 1055080 4609 1055096
4610 1055280 4611 1055296 4612 1055384 4613 1055400 4614 1055488 4615 1055504 4616 1055608 4617 1055624 4618 1055764 4619 1055780
4620 1055932 4621 1055948 4622 1056152 4623 1056168 4624 1056272 4625 1056288 4626 1056304 4627 1056372 4628 1056388 4629 1056524
4630 1056688 4631 1057108 4632 1057204 4633 1057300 4634 1057396 4635 1058008 4636 1058372 4637 1058500 4638 1058872 4639 1059244
4640 1059912 4641 1060504 4642 1062632 4643 1063148 4644 1066412 4645 1066576 4646 1066852 4647 1066908 4648 1067032 4649 1067912
4650 1068456 4651 1068592 4652 1068700 4653 1068944 4654 1069316 4655 1069744 4656 1069828 4657 1070604 4658 1070752 4659 1073588
4660 1073604 4661 1075308 4662 1076044 4663 1076188 4664 1076580 4665 1076732 4666 1076892 4667 1077956 4668 1078072 4669 1078152
4670 1078348 4671 1078612 4672 1078624 4673 1078636 4674 1078984 4675 1079104 4676 1079500 4677 1079628 4678 1079824 4679 1079996
4680 1080120 4681 1080132 4682 1080144 4683 1080456 4684 1081000 4685 1081676 4686 1081784 4687 1081792 4688 1081916 4689 1082196
4690 1082620 4691 1082752 4692 1082864 4693 1082976 4694 1083220 4695 1083232 4696 1083244 4697 1083256 4698 1083348 4699 1083424
4700 1083504 4701 1083592 4702 1083668 4703 1083676 4704 1083808 4705 1083968 4706 1084196 4707 1084272 4708 1084368 4709 1084516
4710 1085060 4711 1085548 4712 1085804 4713 1085896 4714 1086008 4715 1086592 4716 1086688 4717 1087052 4718 1087204 4719 1087312
4720 1087420 4721 1087528 4722 1087604 4723 1087704 4724 1087836 4725 1087968 4726 1088156 4727 1088292 4728 1088680 4729 1089344
4730 1089464 4731 1089476 4732 1089800 4733 1089812 4734 1089824 4735 1089836 4736 1089892 4737 1090000 4738 1090128 4739 1090420
4740 1090528 4741 1090648 4742 1090944 4743 1091132 4744 1091404 4745 1091696 4746 1093012 4747 1093056 4748 1093068 4749 1093136
4750 1093204 4751 1094712 4752 1099776 4753 1100012 4754 1103824 4755 1104692 4756 1104852 4757 1105236 4758 1105356 4759 1105764
4760 1106116 4761 1106936 4762 1107300 4763 1107428 4764 1107580 4765 1108160 4766 1109924 4767 1110012 4768 1110020 4769 1110156
4770 1110352 4771 1110696 4772 1111368 4773 1111612 4774 1111740 4775 1111916 4776 1112048 4777 1112172 4778 1112968 4779 1113076
4780 1113172 4781 1113296 4782 1113452 4783 1113568 4784 1113724 4785 1113916 4786 1114012 4787 1114024 4788 1114384 4789 1114724
4790 1114944 4791 1116796 4792 1116852 4793 1116984 4794 1117120 4795 1117536 4796 1118044 4797 1118052 4798 1118176 4799 1118232
4800 1118300 4801 1118368 4802 1118424 4803 1118448 4804 1119076 4805 1119204 4806 1119236 4807 1119788 4808 1120124 4809 1120844
4810 1121180 4811 1121308 4812 1121436 4813 1121648 4814 1121712 4815 1121764 4816 1121884 4817 1121968 4818 1122072 4819 1122144
4820 1122160 4821 1122200 4822 1122216 4823 1122256 4824 1122272 4825 1122504 4826 1122520 4827 1122596 4828 1122612 4829 1122680
4830 1122696 4831 1122744 4832 1122760 4833 1122808 4834 1122824 4835 1122872 4836 1122888 4837 1122936 4838 1122952 4839 1123028
4840 1123044 4841 1123120 4842 1123136 4843 1123212 4844 1123228 4845 1123304 4846 1123320 4847 1123580 4848 1123596 4849 1123628
4850 1123644 4851 1123676 4852 1123692 4853 1123768 4854 1123796 4855 1124280 4856 1124624 4857 1124792 4858 1124868 4859 1125056
4860 1125072 4861 1125144 4862 1125160 4863 1125232 4864 1125248 4865 1125280 4866 1125296 4867 1125340 4868 1125356 4869 1125424
4870 1125440 4871 1125584 4872 1125600 4873 1125632 4874 1125648 4875 1125680 4876 1125696 4877 1125772 4878 1125788 4879 1125820
4880 1125836 4881 1125928 4882 1125944 4883 1126076 4884 1126092 4885 1126140 4886 1126156 4887 1126264 4888 1126280 4889 1126356
4890 1126384 4891 1126412 4892 1126508 4893 1127080 4894 1127384 4895 1127880 4896 1127996 4897 1128012 4898 1128028 4899 1128068
4900 1128096 4901 1128516 4902 1128644 4903 1128708 4904 1128724 4905 1128800 4906 1128816 4907 1128856 4908 1128872 4909 1128968
4910 1129008 4911 1129080 4912 1129304 4913 1129692 4914 1129908 4915 1131308 4916 1131460 4917 1131660 4918 1150160 4919 1151052
4920 1151904 4921 1152716 4922 1153488 4923 1154220 4924 1154912 4925 1155564 4926 1156176 4927 1156748 4928 1157280 4929 1157772
4930 1158224 4931 1158636 4932 1159008 4933 1159340 4934 1159632 4935 1159884 4936 1160096 4937 1160268 4938 1160408 4939 1160568
4940 1160680 4941 1160964 4942 1161084 4943 1161564 4944 1161756 4945 1162172 4946 1162288 4947 1162708 4948 1162932 4949 1163048
4950 1163140 4951 1163220 4952 1163440 4953 1163844 4954 1164056 4955 1164272 4956 1165596 4957 1165692 4958 1165828 4959 1165948
4960 1166068 4961 1166292 4962 1166620 4963 1166756 4964 1166900 4965 1167720 4966 1167892 4967 1168016 4968 1168124 4969 1168224
4970 1170288 4971 1170500 4972 1170648 4973 1170712 4974 1170840 4975 1170996 4976 1171088 4977 1171188 4978 1171288 4979 1171404
4980 1171588 4981 1171796 4982 1171900 4983 1172024 4984 1172136 4985 1172212 4986 1172296 4987 1172532 4988 1177016 4989 1177232
4990 1177348 4991 1177480 4992 1177604 4993 1177736 4994 1178300 4995 1178888 4996 1178992 4997 1179248 4998 1179416 4999 1179652
5000 1179808 5001 1179996 5002 1180192 5003 1180304 5004 1180368 5005 1180576 5006 1180672 5007 1180736 5008 1180908 5009 1181092
5010 1181156 5011 1181276 5012 1181336 5013 1181508 5014 1181628 5015 1182120 5016 1182452 5017 1183244 5018 1183376 5019 1183484
5020 1183820 5021 1184208 5022 1184368 5023 1184468 5024 1184596 5025 1184688 5026 1184916 5027 1185032 5028 1185144 5029 1185668
5030 1185756 5031 1186048 5032 1186056 5033 1186120 5034 1186264 5035 1186396 5036 1186760 5037 1186872 5038 1186940 5039 1186996
5040 1187124 5041 1187248 5042 1187340 5043 1187464 5044 1187572 5045 1187604 5046 1187792 5047 1187972 5048 1188096 5049 1188240
5050 1188384 5051 1188440 5052 1188476 5053 1188508 5054 1188864 5055 1188948 5056 1188976 5057 1189052 5058 1189224 5059 1189300
5060 1189436 5061 1189544 5062 1189584 5063 1189664 5064 1189904 5065 1190228 5066 1190340 5067 1190656 5068 1191460 5069 1191548
5070 1192196 5071 1192336 5072 1192508 5073 1192692 5074 1193160 5075 1194348 5076 1194704 5077 1194720 5078 1195024 5079 1195480
5080 1195652 5081 1195824 5082 1196124 5083 1196348 5084 1196520 5085 1196920 5086 1197004 5087 1197096 5088 1197228 5089 1197380
5090 1197520 5091 1197676 5092 1197740 5093 1197848 5094 1198088 5095 1198380 5096 1198688 5097 1198800 5098 1198956 5099 1199196
5100 1199272 5101 1199528 5102 1199608 5103 1200012 5104 1200104 5105 1200244 5106 1200388 5107 1200540 5108 1200608 5109 1200684
5110 1200752 5111 1200908 5112 1201284 5113 1201300 5114 1201380 5115 1201500 5116 1201668 5117 1201772 5118 1201908 5119 1202152
5120 1202584 5121 1202600 5122 1203092 5123 1203152 5124 1203524 5125 1203780 5126 1203840 5127 1203964 5128 1203980 5129 1204148
5130 1204236 5131 1204456 5132 1204760 5133 1204852 5134 1204940 5135 1205612 5136 1205628 5137 1205800 5138 1205816 5139 1205972
5140 1206412 5141 1206428 5142 1206444 5143 1206460 5144 1206708 5145 1206724 5146 1206740 5147 1206756 5148 1206960 5149 1212184
5150 1212200 5151 1212216 5152 1212232 5153 1212248 5154 1212264 5155 1212280 5156 1212296 5157 1212312 5158 1212396 5159 1212512
5160 1213276 5161 1213292 5162 1213440 5163 1213456 5164 1213472 5165 1213544 5166 1213628 5167 1213644 5168 1213660 5169 1213676
5170 1213692 5171 1213708 5172 1213816 5173 1213872 5174 1213888 5175 1215568 5176 1215584 5177 1215600 5178 1215616 5179 1215632
5180 1215800 5181 1217572 5182 1217588 5183 1217604 5184 1217620 5185 1217636 5186 1218900 5187 1218916 5188 1218932 5189 1218992
5190 1219256 5191 1219376 5192 1219392 5193 1219408 5194 1219424 5195 1219616 5196 1220352 5197 1220368 5198 1220532 5199 1220548
5200 1220768 5201 1221172 5202 1221188 5203 1221216 5204 1221448 5205 1221464 5206 1222304 5207 1222320 5208 1222336 5209 1225508
5210 1225524 5211 1225540 5212 1225556 5213 1225572 5214 1226012 5215 1226028 5216 1226044 5217 1227284 5218 1227396 5219 1227412
5220 1228744 5221 1229484 5222 1232152 5223 1232168 5224 1232408 5225 1232424 5226 1233020 5227 1233092 5228 1233164 5229 1235544
5230 1235560 5231 1235576 5232 1235592 5233 1235608 5234 1235992 5235 1236008 5236 1236024 5237 1236040 5238 1236056 5239 1236192
5240 1236384 5241 1236632 5242 1236648 5243 1236956 5244 1237156 5245 1237172 5246 1237560 5247 1237576 5248 1238224 5249 1238240
5250 1238256 5251 1238272 5252 1238288 5253 1238680 5254 1238696 5255 1238872 5256 1239400 5257 1239416 5258 1239432 5259 1239448
5260 1239464 5261 1239612 5262 1240452 5263 1240468 5264 1240484 5265 1240576 5266 1240788 5267 1240804 5268 1241296 5269 1241312
5270 1241328 5271 1241456 5272 1242120 5273 1242136 5274 1242152 5275 1242168 5276 1242548 5277 1242692 5278 1242836 5279 1242992
5280 1243008 5281 1243088 5282 1243228 5283 1243244 5284 1243508 5285 1243524 5286 1243636 5287 1243652 5288 1243744 5289 1244376
5290 1244392 5291 1244408 5292 1244424 5293 1244440 5294 1244456 5295 1244744 5296 1244976 5297 1244992 5298 1245008 5299 1245156
5300 1245172 5301 1245268 5302 1245284 5303 1245472 5304 1245556 5305 1249060 5306 1249076 5307 1249092 5308 1249108 5309 1249124
5310 1249140 5311 1249156 5312 1249172 5313 1249188 5314 1249204 5315 1250360 5316 1250376 5317 1250844 5318 1250860 5319 1251028
5320 1251044 5321 1251060 5322 1251476 5323 1251492 5324 1251540 5325 1251556 5326 1251604 5327 1251620 5328 1251668 5329 1251716
5330 1252320 5331 1252432 5332 1252448 5333 1252792 5334 1253020 5335 1253036 5336 1253052 5337 1253068 5338 1253812 5339 1253828
5340 1253884 5341 1253980 5342 1254060 5343 1254592 5344 1254608 5345 1254624 5346 1255556 5347 1255572 5348 1255588 5349 1255736
5350 1255804 5351 1255820 5352 1256032 5353 1256100 5354 1256116 5355 1256316 5356 1256432 5357 1256448 5358 1256468 5359 1256540
5360 1256656 5361 1256684 5362 1256784 5363 1256808 5364 1256960 5365 1257080 5366 1257204 5367 1257492 5368 1257508 5369 1257744
5370 1257912 5371 1257988 5372 1258244 5373 1258436 5374 1258520 5375 1258616 5376 1258692 5377 1259196 5378 1259428 5379 1259516
5380 1259672 5381 1259744 5382 1260120 5383 1260136 5384 1260164 5385 1260292 5386 1260448 5387 1260464 5388 1260720 5389 1260788
5390 1260804 5391 1260936 5392 1261564 5393 1261580 5394 1261596 5395 1261996 5396 1262012 5397 1262028 5398 1262092 5399 1262320
5400 1262336 5401 1262352 5402 1263228 5403 1263244 5404 1263260 5405 1263644 5406 1263700 5407 1264264 5408 1264388 5409 1264404
5410 1264580 5411 1264596 5412 1264720 5413 1264948 5414 1264976 5415 1265172 5416 1265248 5417 1265436 5418 1265592 5419 1265924
5420 1266172 5421 1266300 5422 1266452 5423 1266588 5424 1266788 5425 1266940 5426 1267052 5427 1267164 5428 1267276 5429 1267460
5430 1267536 5431 1267676 5432 1267788 5433 1267900 5434 1268036 5435 1268148 5436 1268260 5437 1268372 5438 1268544 5439 1268680
5440 1268792 5441 1268904 5442 1268924 5443 1268996 5444 1269012 5445 1269116 5446 1269132 5447 1269296 5448 1269596 5449 1270636
5450 1271352 5451 1271684 5452 1271744 5453 1271844 5454 1271904 5455 1271964 5456 1272648 5457 1273448 5458 1274280 5459 1274356
5460 1274668 5461 1274808 5462 1275100 5463 1275256 5464 1275400 5465 1275708 5466 1279496 5467 1281056 5468 1281072 5469 1281732
5470 1282512 5471 1282572 5472 1282696 5473 1283568 5474 1284080 5475 1284264 5476 1284336 5477 1284704 5478 1284764 5479 1284924
5480 1284996 5481 1285100 5482 1285200 5483 1285320 5484 1285380 5485 1285672 5486 1286024 5487 1286096 5488 1286356 5489 1286472
5490 1286784 5491 1286876 5492 1286948 5493 1287044 5494 1287476 5495 1287716 5496 1287888 5497 1287904 5498 1288008 5499 1288196
5500 1288256 5501 1288408 5502 1288580 5503 1288696 5504 1288812 5505 1288928 5506 1289080 5507 1289196 5508 1289460 5509 1289604
5510 1289824 5511 1290080 5512 1290140 5513 1290256 5514 1290532 5515 1290664 5516 1290948 5517 1291136 5518 1291196 5519 1291512
5520 1291976 5521 1292328 5522 1292532 5523 1292672 5524 1293788 5525 1293848 5526 1294488 5527 1294604 5528 1294624 5529 1294948
5530 1295220 5531 1295376 5532 1295928 5533 1296328 5534 1296820 5535 1296872 5536 1296932 5537 1297044 5538 1297100 5539 1297196
5540 1297480 5541 1297576 5542 1297856 5543 1297952 5544 1298232 5545 1298612 5546 1299064 5547 1299176 5548 1299768 5549 1299856
5550 1300476 5551 1300720 5552 1300824 5553 1300948 5554 1301060 5555 1301588 5556 1301600 5557 1301860 5558 1302120 5559 1302380
5560 1302640 5561 1302900 5562 1303160 5563 1303420 5564 1303680 5565 1303940 5566 1304200 5567 1304460 5568 1304736 5569 1304996
5570 1305256 5571 1305516 5572 1305776 5573 1306036 5574 1306296 5575 1306556 5576 1306816 5577 1307076 5578 1309712 5579 1309972
5580 1310232 5581 1310492 5582 1313176 5583 1313436 5584 1313696 5585 1313952 5586 1314212 5587 1314472 5588 1314732 5589 1314992
5590 1315248 5591 1315508 5592 1315524 5593 1315540 5594 1315612 5595 1315628 5596 1316072 5597 1316372 5598 1316916 5599 1319528
5600 1319704 5601 1322460 5602 1325036 5603 1325212 5604 1327860 5605 1330472 5606 1330648 5607 1333404 5608 1336056 5609 1336232
5610 1338988 5611 1341644 5612 1344408 5613 1347068 5614 1349764 5615 1352424 5616 1355120 5617 1357780 5618 1360552 5619 1363304
5620 1366080 5621 1368760 5622 1369168 5623 1369548 5624 1369736 5625 1372416 5626 1372824 5627 1373204 5628 1373392 5629 1376088
5630 1378740 5631 1381404 5632 1384044 5633 1386752 5634 1389392 5635 1389648 5636 1389904 5637 1390032 5638 1391104 5639 1391208
5640 1393376 5641 1393408 5642 1393440 5643 1393564 5644 1393616 5645 1393932 5646 1394232 5647 1394632 5648 1394900 5649 1395040
5650 1395128 5651 1396148 5652 1396412 5653 1396536 5654 1397016 5655 1397236 5656 1397360 5657 1397748 5658 1397764 5659 1397908
5660 1397924 5661 1398312 5662 1398700 5663 1398844 5664 1399232 5665 1399376 5666 1399468 5667 1399736 5668 1399828 5669 1400092
5670 1400184 5671 1400440 5672 1400800 5673 1401204 5674 1401312 5675 1401568 5676 1401824 5677 1401952 5678 1402068 5679 1402172
5680 1402540 5681 1402656 5682 1402784 5683 1403064 5684 1403308 5685 1403752 5686 1404780 5687 1405160 5688 1405464 5689 1405892
5690 1406452 5691 1406640 5692 1406728 5693 1406988 5694 1407736 5695 1408284 5696 1408600 5697 1408828 5698 1409008 5699 1409140
5700 1409348 5701 1409548 5702 1409772 5703 1409984 5704 1410196 5705 1410324 5706 1410456 5707 1410632 5708 1411120 5709 1411164
5710 1411556 5711 1411776 5712 1412200 5713 1415052 5714 1415308 5715 1415564 5716 1415932 5717 1416292 5718 1416604 5719 1417124
5720 1418044 5721 1418300 5722 1418628 5723 1418956 5724 1424304 5725 1424880 5726 1425136 5727 1425552 5728 1425856 5729 1426104
5730 1426308 5731 1430924 5732 1431128 5733 1431520 5734 1431720 5735 1432088 5736 1432616 5737 1432864 5738 1433160 5739 1433416
5740 1433672 5741 1433976 5742 1434480 5743 1434792 5744 1435048 5745 1435368 5746 1435624 5747 1435872 5748 1436076 5749 1437104
5750 1444032 5751 1444264 5752 1444468 5753 1444772 5754 1445084 5755 1445476 5756 1446488 5757 1447180 5758 1447408 5759 1447636
5760 1447944 5761 1448204 5762 1448560 5763 1448900 5764 1449256 5765 1449628 5766 1449904 5767 1450196 5768 1450476 5769 1450908
5770 1451128 5771 1451260 5772 1451632 5773 1451836 5774 1452080 5775 1452372 5776 1452576 5777 1452828 5778 1453120 5779 1453472
5780 1453704 5781 1454056 5782 1454176 5783 1455196 5784 1456868 5785 1457468 5786 1457896 5787 1458152 5788 1459252 5789 1459472
5790 1459748 5791 1459920 5792 1460184 5793 1460436 5794 1460668 5795 1460980 5796 1461020 5797 1461216 5798 1461508 5799 1461632
5800 1461868 5801 1462508 5802 1462828 5803 1463208 5804 1463304 5805 1463388 5806 1463588 5807 1463788 5808 1463940 5809 1464124
5810 1464312 5811 1464428 5812 1464620 5813 1464816 5814 1465052 5815 1465180 5816 1465428 5817 1465580 5818 1465752 5819 1466096
5820 1466124 5821 1466200 5822 1466292 5823 1466368 5824 1466436 5825 1466504 5826 1466720 5827 1466908 5828 1466980 5829 1467064
5830 1467492 5831 1467564 5832 1467756 5833 1468400 5834 1468584 5835 1468744 5836 1469016 5837 1469156 5838 1469332 5839 1469568
5840 1469724 5841 1469884 5842 1470076 5843 1470316 5844 1470408 5845 1470764 5846 1470896 5847 1471020 5848 1471188 5849 1471328
5850 1471464 5851 1471596 5852 1471660 5853 1471836 5854 1472012 5855 1472200 5856 1472516 5857 1472532 5858 1472616 5859 1472752
5860 1472912 5861 1472996 5862 1473340 5863 1473396 5864 1473500 5865 1474224 5866 1474608 5867 1474672 5868 1474688 5869 1475064
5870 1475080 5871 1476052 5872 1476432 5873 1476560 5874 1478228 5875 1478360 5876 1478432 5877 1478816 5878 1478960 5879 1478976
5880 1479032 5881 1479108 5882 1479440 5883 1479648 5884 1479916 5885 1480040 5886 1480172 5887 1480300 5888 1480432 5889 1480616
5890 1480724 5891 1480824 5892 1480936 5893 1481068 5894 1481136 5895 1481236 5896 1481292 5897 1482820 5898 1482952 5899 1483204
5900 1483304 5901 1483372 5902 1483468 5903 1483568 5904 1483788 5905 1483804 5906 1486648 5907 1486836 5908 1487608 5909 1487632
5910 1487692 5911 1487976 5912 1487996 5913 1488012 5914 1488544 5915 1488892 5916 1489048 5917 1489748 5918 1489880 5919 1490252
5920 1490792 5921 1491016 5922 1491568 5923 1492856 5924 1493392 5925 1493712 5926 1493992 5927 1494364 5928 1498264 5929 1498280
5930 1498296 5931 1498400 5932 1498836 5933 1499240 5934 1499412 5935 1500504 5936 1500520 5937 1500696 5938 1501828 5939 1503292
5940 1504248 5941 1504788 5942 1505008 5943 1505024 5944 1505136 5945 1505492 5946 1505736 5947 1505820 5948 1505940 5949 1505956
5950 1506040 5951 1506120 5952 1506404 5953 1506464 5954 1506984 5955 1507044 5956 1507136 5957 1507204 5958 1507368 5959 1507444
5960 1507524 5961 1507628 5962 1507852 5963 1507984 5964 1508208 5965 1508312 5966 1508328 5967 1508480 5968 1509020 5969 1509100
5970 1509376 5971 1509456 5972 1509744 5973 1509824 5974 1510092 5975 1510468 5976 1510936 5977 1511036 5978 1511104 5979 1511768
5980 1511844 5981 1512088 5982 1512584 5983 1512656 5984 1512908 5985 1512980 5986 1512992 5987 1513104 5988 1513216 5989 1513364
5990 1513488 5991 1513720 5992 1513852 5993 1514012 5994 1514292 5995 1514492 5996 1514772 5997 1515104 5998 1515216 5999 1515272
6000 1515432 6001 1516004 6002 1516212 6003 1516276 6004 1516468 6005 1516604 6006 1516888 6007 1516904 6008 1516992 6009 1517008
6010 1517144 6011 1517216 6012 1517792 6013 1517924 6014 1518088 6015 1518184 6016 1518340 6017 1518436 6018 1518512 6019 1518600
6020 1518820 6021 1519032 6022 1519124 6023 1519336 6024 1519548 6025 1519760 6026 1519848 6027 1519864 6028 1519952 6029 1519968
6030 1520056 6031 1520072 6032 1520164 6033 1520252 6034 1520268 6035 1520356 6036 1520372 6037 1520460 6038 1520476 6039 1520564
6040 1520580 6041 1520668 6042 1520684 6043 1520772 6044 1520788 6045 1520876 6046 1520892 6047 1520904 6048 1520916 6049 1521068
6050 1521096 6051 1521108 6052 1521184 6053 1521808 6054 1522132 6055 1522408 6056 1522900 6057 1523260 6058 1523760 6059 1524164
6060 1524480 6061 1525112 6062 1525656 6063 1525736 6064 1526372 6065 1526380 6066 1526980 6067 1527560 6068 1527960 6069 1528340
6070 1528444 6071 1528824 6072 1529240 6073 1529688 6074 1529780 6075 1529924 6076 1530264 6077 1530344 6078 1530732 6079 1531352
6080 1531432 6081 1531536 6082 1531628 6083 1531708 6084 1531864 6085 1532172 6086 1532320 6087 1532412 6088 1532572 6089 1532684
6090 1532696 6091 1532984 6092 1533092 6093 1533104 6094 1533116 6095 1533256 6096 1533296 6097 1533436 6098 1533704 6099 1533808
6100 1534212 6101 1534664 6102 1534880 6103 1535108 6104 1535336 6105 1535652 6106 1535716 6107 1535840 6108 1536136 6109 1536308
6110 1536756 6111 1536960 6112 1537032 6113 1537324 6114 1537636 6115 1537920 6116 1538240 6117 1538316 6118 1538420 6119 1538648
6120 1538712 6121 1538936 6122 1539160 6123 1539448 6124 1539768 6125 1540240 6126 1540640 6127 1540932 6128 1541128 6129 1541252
6130 1541384 6131 1541608 6132 1541996 6133 1542180 6134 1542192 6135 1542204 6136 1542220 6137 1542296 6138 1542364 6139 1542432
6140 1542500 6141 1542568 6142 1542636 6143 1542704 6144 1542772 6145 1542840 6146 1542908 6147 1542976 6148 1543032 6149 1543108
6150 1543184 6151 1543260 6152 1543276 6153 1543292 6154 1543696 6155 1543708 6156 1545060 6157 1545076 6158 1545624 6159 1545756
6160 1545876 6161 1545952 6162 1546132 6163 1546304 6164 1546512 6165 1546800 6166 1547008 6167 1547816 6168 1547832 6169 1547908
6170 1547984 6171 1548256 6172 1548380 6173 1548464 6174 1548724 6175 1548740 6176 1549012 6177 1550272 6178 1550780 6179 1550840
6180 1551000 6181 1551160 6182 1551320 6183 1551388 6184 1551456 6185 1551544 6186 1551664 6187 1552040 6188 1552284 6189 1552400
6190 1552416 6191 1552536 6192 1552552 6193 1552620 6194 1552636 6195 1553028 6196 1553036 6197 1553116 6198 1553132 6199 1553212
6200 1553284 6201 1553300 6202 1553456 6203 1553472 6204 1553572 6205 1553588 6206 1553660 6207 1553676 6208 1553792 6209 1554040
6210 1554056 6211 1554200 6212 1554216 6213 1554360 6214 1554376 6215 1554568 6216 1554584 6217 1554724 6218 1554740 6219 1554892
6220 1554908 6221 1555020 6222 1555036 6223 1555120 6224 1555196 6225 1555544 6226 1555620 6227 1555696 6228 1555780 6229 1555852
6230 1556200 6231 1556300 6232 1556648 6233 1556732 6234 1556820 6235 1557168 6236 1557248 6237 1557612 6238 1557684 6239 1557752
6240 1557828 6241 1557900 6242 1557976 6243 1558108 6244 1558212 6245 1558296 6246 1558388 6247 1558468 6248 1558832 6249 1558904
6250 1559140 6251 1559312 6252 1559456 6253 1559616 6254 1559988 6255 1560000 6256 1560084 6257 1560168 6258 1560244 6259 1560256
6260 1560328 6261 1560388 6262 1560460 6263 1560532 6264 1560604 6265 1560676 6266 1560748 6267 1560820 6268 1560892 6269 1560964
6270 1561036 6271 1561108 6272 1561332 6273 1561576 6274 1561656 6275 1561736 6276 1561752 6277 1561900 6278 1562156 6279 1562172
6280 1562300 6281 1562488 6282 1562504 6283 1562788 6284 1562928 6285 1563020 6286 1563080 6287 1563244 6288 1563324 6289 1563532
6290 1564028 6291 1564496 6292 1564764 6293 1565192 6294 1565564 6295 1565964 6296 1566560 6297 1566724 6298 1566740 6299 1567092
6300 1567108 6301 1567976 6302 1568372 6303 1568388 6304 1568404 6305 1568420 6306 1569096 6307 1569904 6308 1570024 6309 1570140
6310 1570304 6311 1570668 6312 1571516 6313 1571948 6314 1572604 6315 1573400 6316 1573520 6317 1573628 6318 1574292 6319 1574760
6320 1574896 6321 1575032 6322 1575168 6323 1575304 6324 1575528 6325 1575752 6326 1575828 6327 1575912 6328 1576436 6329 1576496
6330 1576552 6331 1576656 6332 1576888 6333 1576964 6334 1577032 6335 1577080 6336 1577252 6337 1577396 6338 1577548 6339 1577732
6340 1577928 6341 1578124 6342 1578140 6343 1578268 6344 1578340 6345 1578528 6346 1578544 6347 1578624 6348 1578864 6349 1578972
6350 1579308 6351 1579456 6352 1579556 6353 1579656 6354 1579808 6355 1580032 6356 1580264 6357 1580448 6358 1580464 6359 1580840
6360 1581076 6361 1581084 6362 1581280 6363 1581476 6364 1581548 6365 1582180 6366 1582800 6367 1583284 6368 1583368 6369 1583468
6370 1583720 6371 1583916 6372 1583976 6373 1584064 6374 1584712 6375 1584788 6376 1584868 6377 1586360 6378 1586432 6379 1586588
6380 1586620 6381 1586668 6382 1586700 6383 1586732 6384 1586764 6385 1586860 6386 1586888 6387 1586924 6388 1587028 6389 1587372
6390 1587388 6391 1587424 6392 1587544 6393 1588108 6394 1588192 6395 1588212 6396 1588224 6397 1588324 6398 1588548 6399 1588928
6400 1589012 6401 1589028 6402 1589056 6403 1589180 6404 1589240 6405 1589316 6406 1589392 6407 1589444 6408 1590260 6409 1590432
6410 1590548 6411 1590656 6412 1590808 6413 1590908 6414 1591364 6415 1591692 6416 1591740 6417 1591756 6418 1592168 6419 1592288
6420 1592336 6421 1592416 6422 1592540 6423 1592600 6424 1592680 6425 1592764 6426 1593020 6427 1593840 6428 1593864 6429 1594064
6430 1594164 6431 1594292 6432 1594392 6433 1594468 6434 1594544 6435 1594592 6436 1594716 6437 1594784 6438 1594912 6439 1594972
6440 1595172 6441 1595268 6442 1595396 6443 1595492 6444 1595676 6445 1595864 6446 1596148 6447 1596344 6448 1596572 6449 1596596
6450 1596672 6451 1596736 6452 1597036 6453 1597064 6454 1597204 6455 1597284 6456 1597344 6457 1597424 6458 1597608 6459 1597792
6460 1597912 6461 1598120 6462 1598312 6463 1598524 6464 1598708 6465 1598912 6466 1599036 6467 1599104 6468 1599156 6469 1599208
6470 1599308 6471 1599648 6472 1600044 6473 1600352 6474 1600932 6475 1601116 6476 1601236 6477 1601840 6478 1602176 6479 1602256
6480 1602356 6481 1602456 6482 1602592 6483 1602940 6484 1603096 6485 1603196 6486 1603520 6487 1603600 6488 1603700 6489 1603800
6490 1604024 6491 1604164 6492 1604416 6493 1605512 6494 1606476 6495 1606560 6496 1606644 6497 1606728 6498 1606812 6499 1606896
6500 1607048 6501 1607148 6502 1607248 6503 1607288 6504 1607364 6505 1607512 6506 1607588 6507 1607848 6508 1608312 6509 1608524
6510 1608868 6511 1608948 6512 1609040 6513 1609168 6514 1609644 6515 1609888 6516 1610028 6517 1610360 6518 1610720 6519 1610812
6520 1610932 6521 1610948 6522 1611028 6523 1611108 6524 1611432 6525 1611556 6526 1611640 6527 1611740 6528 1612248 6529 1612800
6530 1613004 6531 1613112 6532 1613228 6533 1613376 6534 1613848 6535 1613976 6536 1614104 6537 1614232 6538 1614360 6539 1614504
6540 1614632 6541 1614784 6542 1614804 6543 1614864 6544 1614992 6545 1615120 6546 1615300 6547 1615440 6548 1615572 6549 1615712
6550 1615912 6551 1616052 6552 1616180 6553 1616320 6554 1616448 6555 1616588 6556 1616716 6557 1616932 6558 1617176 6559 1617288
6560 1617860 6561 1618048 6562 1618136 6563 1618148 6564 1618160 6565 1618172 6566 1618600 6567 1618632 6568 1618820 6569 1619028
6570 1619096 6571 1619308 6572 1619504 6573 1620492 6574 1620816 6575 1621408 6576 1621916 6577 1622300 6578 1622372 6579 1623648
6580 1624132 6581 1624220 6582 1624240 6583 1624328 6584 1624412 6585 1624424 6586 1624512 6587 1624592 6588 1624664 6589 1625956
6590 1627672 6591 1627688 6592 1627780 6593 1627872 6594 1628116 6595 1628200 6596 1628292 6597 1628348 6598 1628436 6599 1628796
6600 1628876 6601 1628888 6602 1628900 6603 1629012 6604 1629204 6605 1629240 6606 1629464 6607 1629520 6608 1629608 6609 1629644
6610 1629680 6611 1629756 6612 1629768 6613 1629776 6614 1629948 6615 1630092 6616 1630320 6617 1630356 6618 1630924 6619 1631096
6620 1631168 6621 1631312 6622 1631384 6623 1631456 6624 1632128 6625 1632204 6626 1632280 6627 1632356 6628 1632400 6629 1632444
6630 1632488 6631 1632612 6632 1632744 6633 1632864 6634 1633148 6635 1634672 6636 1634896 6637 1635100 6638 1635416 6639 1635612
6640 1635844 6641 1635924 6642 1635940 6643 1635956 6644 1636300 6645 1636376 6646 1636672 6647 1637484 6648 1637584 6649 1637592
6650 1637696 6651 1637736 6652 1637772 6653 1637808 6654 1637928 6655 1637944 6656 1638612 6657 1639400 6658 1639896 6659 1640016
6660 1640640 6661 1640716 6662 1640788 6663 1640856 6664 1640968 6665 1641576 6666 1641680 6667 1642660 6668 1642676 6669 1643572
6670 1643668 6671 1643684 6672 1643780 6673 1643796 6674 1643892 6675 1643976 6676 1644124 6677 1644384 6678 1644628 6679 1645492
6680 1645588 6681 1645684 6682 1645768 6683 1645860 6684 1645876 6685 1645968 6686 1646060 6687 1646396 6688 1646488 6689 1646496
6690 1646584 6691 1646716 6692 1646804 6693 1646848 6694 1646960 6695 1647192 6696 1647208 6697 1647220 6698 1647236 6699 1647828
6700 1648420 6701 1648456 6702 1648656 6703 1648920 6704 1649024 6705 1650004 6706 1650016 6707 1650024 6708 1650032 6709 1650088
6710 1650104 6711 1650184 6712 1650264 6713 1650344 6714 1650424 6715 1650960 6716 1651548 6717 1651556 6718 1651692 6719 1651708
6720 1651832 6721 1653496 6722 1653512 6723 1654032 6724 1654548 6725 1654564 6726 1654812 6727 1654896 6728 1654980 6729 1655000
6730 1655020 6731 1655080 6732 1655096 6733 1655156 6734 1655216 6735 1655276 6736 1655336 6737 1655352 6738 1655460 6739 1655564
6740 1655596 6741 1655908 6742 1656280 6743 1656288 6744 1656348 6745 1656600 6746 1656668 6747 1656736 6748 1656752 6749 1656852
6750 1656996 6751 1657056 6752 1657108 6753 1657360 6754 1657412 6755 1657664 6756 1657716 6757 1658024 6758 1658076 6759 1658384
6760 1658436 6761 1658488 6762 1658540 6763 1658732 6764 1658784 6765 1658976 6766 1659028 6767 1659220 6768 1659236 6769 1659252
6770 1659268 6771 1659348 6772 1659364 6773 1659424 6774 1659776 6775 1660680 6776 1660820 6777 1660980 6778 1661128 6779 1661336
6780 1661620 6781 1661864 6782 1662068 6783 1662364 6784 1662464 6785 1662764 6786 1663108 6787 1663220 6788 1663308 6789 1663544
6790 1663700 6791 1664036 6792 1664148 6793 1664368 6794 1664440 6795 1664580 6796 1664700 6797 1664916 6798 1665048 6799 1668996
6800 1669012 6801 1669028 6802 1670452 6803 1670632 6804 1670808 6805 1670972 6806 1671144 6807 1671288 6808 1671408 6809 1671496
6810 1671588 6811 1671972 6812 1672368 6813 1672460 6814 1672560 6815 1672708 6816 1673068 6817 1673304 6818 1673340 6819 1673524
6820 1673732 6821 1673912 6822 1673948 6823 1673984 6824 1674020 6825 1674056 6826 1674108 6827 1674192 6828 1674272 6829 1674324
6830 1674528 6831 1674580 6832 1674856 6833 1675164 6834 1675744 6835 1676220 6836 1676456 6837 1676724 6838 1676840 6839 1676956
6840 1677116 6841 1677228 6842 1677384 6843 1677524 6844 1677748 6845 1678016 6846 1678312 6847 1678560 6848 1678828 6849 1679148
6850 1679396 6851 1679664 6852 1679984 6853 1680208 6854 1680456 6855 1680752 6856 1681028 6857 1681256 6858 1681508 6859 1681812
6860 1682096 6861 1682328 6862 1682492 6863 1682748 6864 1683060 6865 1683292 6866 1683456 6867 1683712 6868 1684024 6869 1684256
6870 1684472 6871 1684728 6872 1685036 6873 1685320 6874 1685536 6875 1685844 6876 1686204 6877 1686448 6878 1686596 6879 1686864
6880 1687188 6881 1687472 6882 1687620 6883 1687932 6884 1688296 6885 1688656 6886 1688852 6887 1689128 6888 1689480 6889 1689816
6890 1690012 6891 1690276 6892 1690604 6893 1690840 6894 1690984 6895 1691288 6896 1691652 6897 1691700 6898 1691716 6899 1691836
6900 1691940 6901 1692044 6902 1692624 6903 1692676 6904 1692728 6905 1692904 6906 1693080 6907 1693160 6908 1693332 6909 1693568
6910 1693996 6911 1694004 6912 1694504 6913 1694580 6914 1694648 6915 1694664 6916 1694840 6917 1694944 6918 1695072 6919 1695092
6920 1696072 6921 1698124 6922 1698140 6923 1698148 6924 1698156 6925 1698164 6926 1698172 6927 1698180 6928 1698220 6929 1698316
6930 1698328 6931 1698672 6932 1699044 6933 1699064 6934 1699264 6935 1699436 6936 1699628 6937 1699876 6938 1700152 6939 1700168
6940 1700396 6941 1700544 6942 1700560 6943 1700708 6944 1700780 6945 1701180 6946 1701440 6947 1701476 6948 1701532 6949 1701772
6950 1702056 6951 1702084 6952 1702952 6953 1703016 6954 1703032 6955 1703412 6956 1703816 6957 1703824 6958 1703836 6959 1703852
6960 1703892 6961 1703952 6962 1704060 6963 1704168 6964 1704336 6965 1704464 6966 1704584 6967 1704636 6968 1704668 6969 1704796
6970 1705160 6971 1705540 6972 1705992 6973 1706160 6974 1706372 6975 1706624 6976 1706848 6977 1707096 6978 1707404 6979 1707628
6980 1707876 6981 1708184 6982 1708408 6983 1708656 6984 1708964 6985 1709192 6986 1709444 6987 1709760 6988 1709948 6989 1710160
6990 1710444 6991 1710684 6992 1710948 6993 1711288 6994 1711528 6995 1711792 6996 1712132 6997 1712304 6998 1712500 6999 1712720
7000 1712892 7001 1713088 7002 1713308 7003 1713540 7004 1713732 7005 1713956 7006 1714132 7007 1714324 7008 1714548 7009 1714640
7010 1714740 7011 1715436 7012 1715464 7013 1715600 7014 1716132 7015 1717680 7016 1717748 7017 1719096 7018 1719236 7019 1720104
7020 1720276 7021 1720456 7022 1720628 7023 1720804 7024 1720996 7025 1721180 7026 1721232 7027 1721980 7028 1722092 7029 1722196
7030 1722440 7031 1722552 7032 1722612 7033 1722648 7034 1722804 7035 1722924 7036 1723048 7037 1723080 7038 1723108 7039 1723116
7040 1723360 7041 1723484 7042 1723492 7043 1723548 7044 1723756 7045 1723760 7046 1723840 7047 1723928 7048 1723932 7049 1723956
7050 1723968 7051 1724164 7052 1724324 7053 1724436 7054 1724492 7055 1724596 7056 1724656 7057 1724708 7058 1724776 7059 1724812
7060 1724852 7061 1724888 7062 1725896 7063 1726536 7064 1726764 7065 1726780 7066 1726872 7067 1726944 7068 1727004 7069 1727280
7070 1727476 7071 1727672 7072 1727868 7073 1728064 7074 1728260 7075 1728456 7076 1728652 7077 1728848 7078 1729044 7079 1729240
7080 1729440 7081 1729640 7082 1729840 7083 1730040 7084 1730240 7085 1730324 7086 1730408 7087 1730492 7088 1730576 7089 1730660
7090 1731104 7091 1731232 7092 1731488 7093 1731668 7094 1731976 7095 1732124 7096 1732336 7097 1732412 7098 1732552 7099 1732628
7100 1732768 7101 1732844 7102 1732984 7103 1733064 7104 1733208 7105 1733244 7106 1733452 7107 1733668 7108 1733716 7109 1733760
7110 1733860 7111 1734024 7112 1734664 7113 1734752 7114 1734804 7115 1734852 7116 1734940 7117 1734992 7118 1735080 7119 1735132
7120 1735220 7121 1735272 7122 1735360 7123 1735396 7124 1735536 7125 1735656 7126 1735744 7127 1735780 7128 1735868 7129 1735904
7130 1735992 7131 1736060 7132 1736148 7133 1736184 7134 1736328 7135 1736468 7136 1736588 7137 1736704 7138 1736784 7139 1736836
7140 1736932 7141 1736952 7142 1737012 7143 1737344 7144 1737480 7145 1737540 7146 1737936 7147 1738048 7148 1738248 7149 1738468
7150 1738676 7151 1738896 7152 1739104 7153 1739324 7154 1739452 7155 1739592 7156 1739720 7157 1739860 7158 1740060 7159 1740280
7160 1740488 7161 1740708 7162 1740916 7163 1741136 7164 1741340 7165 1741368 7166 1741400 7167 1741428 7168 1741456 7169 1741484
7170 1741524 7171 1741552 7172 1741772 7173 1741992 7174 1742212 7175 1742340 7176 1742468 7177 1742596 7178 1742640 7179 1742668
7180 1743504 7181 1744276 7182 1745164 7183 1745220 7184 1745276 7185 1745316 7186 1745344 7187 1745380 7188 1745400 7189 1745528
7190 1745668 7191 1745756 7192 1745836